z u1dseverity23 u3dseverity23 discseverity23 flow1dseverity23 flow3dseverity23 flowdiscseverity23 areaseverity23 intersectionsseverity23 u1dseverity40 u3dseverity40 discseverity40 flow1dseverity40 flow3dseverity40 flowdiscseverity40 areaseverity40 intersectionsseverity40
0.0 22.4635691484 22.3153178628 0.148251285604 2.29005684439 2.26108687396 0.0289699704332 0.101324430504 876.0 22.4461149246 22.3153178862 0.130797038344 2.2900572762 2.26108686424 0.0289704119656 0.101324429962 876.0
0.0301507537688 22.4652673498 22.0072362101 0.458031139744 2.29021903058 2.23785823078 0.0523607998036 0.101687381796 2517.0 22.4478189721 21.9830168516 0.464802120479 2.29022021079 2.23937994648 0.0508402643079 0.101868636211 2449.0
0.0603015075377 22.4654231866 22.0240425442 0.44138064248 2.29022042098 2.24235010881 0.0478703121633 0.101813738523 2003.0 22.4479841789 21.9891737083 0.45881047052 2.29022259836 2.24366583611 0.0465567622493 0.102035022592 2039.0
0.0904522613065 22.4655595546 22.0209742412 0.44458531333 2.2902198572 2.24190482196 0.0483150352467 0.101807703755 1999.0 22.4481301343 21.9700967964 0.478033337884 2.29022305563 2.24167963457 0.0485434210606 0.102033216119 2059.0
0.120603015075 22.4656959228 22.0608878969 0.40480802591 2.29021929233 2.24485568085 0.045363611479 0.101757267946 2029.0 22.4482758778 22.0300416427 0.418234235172 2.29022349274 2.24663676948 0.0435867232646 0.101980595676 2053.0
0.150753768844 22.4658324661 22.0694850763 0.396347389764 2.29021874444 2.24414460287 0.0460741415691 0.101685408387 2109.0 22.4484213514 22.0319678259 0.416453525459 2.29022390378 2.24535018092 0.0448737228574 0.101913283401 2137.0
0.180904522613 22.4659692276 22.0665072879 0.399461939636 2.29021821797 2.24581199972 0.0444062182501 0.101774692769 2153.0 22.4485664712 22.0271243084 0.421442162799 2.29022428026 2.24677291718 0.0434513630843 0.102000283183 2107.0
0.211055276382 22.4661062407 22.0677489229 0.398357317827 2.29021771629 2.24674439191 0.0434733243853 0.101811217798 2107.0 22.4487111648 22.0144716616 0.434239503272 2.29022461482 2.24630543035 0.0439191844745 0.102037671623 1973.0
0.241206030151 22.4662435416 22.082540096 0.383703445627 2.29021724308 2.24812281041 0.042094432673 0.101805444511 2165.0 22.4488553947 22.0238661902 0.424989204567 2.29022490362 2.24716329626 0.043061607353 0.102033097952 2067.0
0.27135678392 22.4663811649 22.0978364343 0.368544730614 2.29021680183 2.24786118788 0.0423556139537 0.101723134505 2221.0 22.4489991472 22.0317574507 0.417241696516 2.29022514517 2.24611916732 0.0441059778513 0.101949160086 2107.0
0.301507537688 22.4665191427 22.1177698356 0.348749307034 2.29021639579 2.24873962513 0.0414767706613 0.101671173986 2101.0 22.4491424029 22.0446349302 0.404507472721 2.29022533742 2.24630079634 0.0439245410791 0.101897845143 2095.0
0.331658291457 22.4666575057 22.0877881119 0.378869393816 2.29021602805 2.24780951755 0.0424065104995 0.101767071749 2059.0 22.4492851253 22.0531033085 0.396181816797 2.29022547662 2.24928093114 0.040944545473 0.101993850919 2153.0
0.361809045226 22.4667962819 22.0634082235 0.403388058358 2.29021570142 2.24627607635 0.0439396250634 0.101810021988 2061.0 22.4494272891 22.0508588799 0.398568409226 2.29022556009 2.25000313067 0.0402224294224 0.102036983817 2201.0
0.391959798995 22.4669354931 22.0922324308 0.37470306223 2.2902154181 2.24858451305 0.0416309050489 0.101781679153 2199.0 22.4495689328 22.0431575371 0.406411395696 2.29022559159 2.24859191052 0.0416336810769 0.102008612275 2153.0
0.422110552764 22.4670751494 22.1025043617 0.364570787751 2.29021517911 2.24820027248 0.0420149066312 0.101716992595 2243.0 22.4497100294 22.0500255717 0.399684457688 2.29022556823 2.2478610034 0.0423645648307 0.101943691452 2153.0
0.452261306533 22.4672152626 22.0967748255 0.370440437136 2.29021498562 2.24732403615 0.0428909494684 0.101703712596 2131.0 22.4498504488 22.0514605423 0.398389906467 2.29022547712 2.24771358579 0.0425118913316 0.101930372434 2159.0
0.482412060302 22.4673558853 22.0837502447 0.383605640598 2.29021484291 2.24762090281 0.0425939400973 0.101777138299 2074.0 22.449990193 22.0348009733 0.415189219707 2.29022531831 2.24763687127 0.042588447047 0.102003956105 2108.0
0.51256281407 22.4674970598 22.0819332274 0.385563832313 2.29021475519 2.24796076582 0.0422539893759 0.101800904054 2115.0 22.4501292597 22.0377876382 0.412341621499 2.29022509151 2.24846951101 0.0417555804921 0.102027914414 2075.0
0.542713567839 22.4676387138 22.0766379343 0.39100077948 2.29021471529 2.24695352943 0.0432611858543 0.10177969744 2089.0 22.4502676477 22.0485501109 0.401717536769 2.29022479654 2.24909894411 0.0411258524255 0.102006659522 2193.0
0.572864321608 22.4677807174 22.0881324636 0.379648253848 2.29021471024 2.24583541517 0.0443792950671 0.101676111318 2163.0 22.4504053647 22.0454884818 0.404916882931 2.29022443412 2.24647334345 0.0437510906663 0.101901726755 2233.0
0.603015075377 22.4679232401 22.1013241404 0.366599099655 2.29021475686 2.24752818004 0.0426865768197 0.10169201473 2171.0 22.4505424185 22.0785014991 0.372040919359 2.29022400494 2.25021303406 0.0400109708794 0.101918739102 2203.0
0.633165829146 22.468066345 22.0864872561 0.381579088916 2.29021486146 2.24777577406 0.0424390873976 0.101771537864 2193.0 22.4506788175 22.0426161987 0.408062618733 2.2902235098 2.24830578579 0.0419177240102 0.101998136951 2193.0
0.663316582915 22.4682098821 22.0944112963 0.37379858573 2.29021500905 2.2491020593 0.0411129497556 0.101795066143 2205.0 22.450814576 22.0440398333 0.406774742625 2.29022295008 2.24898144882 0.0412415012593 0.102022200369 2125.0
0.693467336683 22.4683539151 22.0791497898 0.389204125366 2.290215206 2.24656016396 0.0436550420443 0.101750302224 2175.0 22.4509497155 22.0589171108 0.392032604694 2.29022232788 2.2495115804 0.0407107474815 0.101977425687 2107.0
0.723618090452 22.4684984213 22.0976146034 0.370883817932 2.29021544999 2.24674198149 0.0434734684991 0.101673507381 2151.0 22.4510842636 22.0758101094 0.375274154202 2.29022164591 2.24950077677 0.0407208691386 0.101898900454 2127.0
0.753768844221 22.4686433863 22.1048802969 0.363763089401 2.29021573955 2.24851181443 0.0417039251189 0.101720153388 2139.0 22.451218252 22.0643833502 0.38683490175 2.29022090732 2.24941402683 0.0408068804966 0.101947740443 2183.0
0.78391959799 22.4687887942 22.09687156 0.371917234224 2.29021607308 2.24895849902 0.0412575740581 0.10177723543 2065.0 22.4513517171 22.0447939743 0.406557742767 2.29022011574 2.24866475546 0.0415553602752 0.10200434434 2189.0
0.814070351759 22.4689346626 22.0926073492 0.376327313374 2.29021645227 2.24873127008 0.0414851821945 0.101786594698 2087.0 22.4514846989 22.0365480189 0.414936680029 2.29021927513 2.24802864416 0.0421906309621 0.102013647611 2185.0
0.844221105528 22.4690810356 22.1007453175 0.368335718099 2.2902168815 2.24874890671 0.0414679747903 0.101749912702 2087.0 22.4516172395 22.0406688658 0.410948373733 2.29021838969 2.24763675554 0.0425816341518 0.101976794317 2151.0
0.874371859296 22.4692279096 22.1219361909 0.347291718712 2.29021736032 2.24826577707 0.0419515832584 0.101630605823 2205.0 22.4517493822 22.0571196348 0.394629747462 2.29021746374 2.2466525905 0.0435648732423 0.101856118464 2257.0
0.904522613065 22.4693751904 22.0892924224 0.380082768013 2.29021787932 2.24666142682 0.0435564525035 0.101708166285 2165.0 22.4518811764 22.0564449669 0.395436209446 2.29021650223 2.24832415275 0.041892349483 0.101935019724 2155.0
0.934673366834 22.4695228152 22.0938693321 0.375653483084 2.29021843219 2.24852653544 0.0416918967471 0.101771514154 2187.0 22.4520126813 22.0400835027 0.411929178588 2.29021551108 2.24805827848 0.042157232607 0.101998628009 2143.0
0.964824120603 22.4696708467 22.1065291136 0.363141733094 2.29021902511 2.24990128768 0.0403177374294 0.101775420108 2173.0 22.4521439549 22.0617351593 0.390408795605 2.29021449613 2.25034036792 0.0398741282077 0.102001966376 2083.0
0.994974874372 22.4698193004 22.10350907 0.366310230444 2.29021965955 2.24824098733 0.0419786722252 0.101714211088 2109.0 22.4522750631 22.0616716246 0.390603438438 2.29021346396 2.2489842999 0.0412291640532 0.101940792981 2161.0
1.02512562814 22.4699680547 22.1132112704 0.356756784274 2.29022032336 2.24731184886 0.0429084745019 0.101627566497 2137.0 22.4524060729 22.0807022671 0.371703805815 2.29021242132 2.24900464495 0.0412077763742 0.101853854907 2214.0
1.05527638191 22.4701171104 22.0891547311 0.380962379318 2.29022101656 2.24714484465 0.0430761719048 0.101730685126 2127.0 22.4525370573 22.0642486574 0.388288399878 2.29021137554 2.24963156544 0.0405798101034 0.101958222116 2145.0
1.08542713568 22.4702665087 22.0871336701 0.383132838581 2.2902217432 2.24786337072 0.0423583724777 0.101772525322 2201.0 22.452668076 22.0626351633 0.3900329127 2.29021033263 2.25038312328 0.0398272093526 0.101999743304 2133.0
1.11557788945 22.4704161361 22.0767165809 0.393699555174 2.29022249194 2.24667338168 0.0435491102508 0.101766645119 2151.0 22.4527991919 22.057792039 0.395007152938 2.29020929891 2.24976294719 0.0404463517182 0.101994022938 2135.0
1.14572864322 22.4705660108 22.0854404868 0.38512552401 2.29022326453 2.24634703629 0.0438762282484 0.101711670077 2243.0 22.4529304749 22.0582323655 0.394698109399 2.29020828143 2.24858913175 0.0416191496821 0.10193877254 2123.0
1.17587939698 22.4707161228 22.1068654291 0.363850693776 2.29022405997 2.24701397934 0.0432100806327 0.101643264919 2273.0 22.4530619931 22.0797804435 0.373281549665 2.29020728703 2.24928566752 0.0409216195107 0.10187083487 2179.0
1.20603015075 22.470866387 22.1143956166 0.356470770412 2.29022486972 2.24948382771 0.0407410420114 0.101720339399 2203.0 22.4531938109 22.0490704097 0.404123401172 2.29020632219 2.24783699921 0.0423693229827 0.101947018965 2123.0
1.23618090452 22.4710168365 22.0863725548 0.38464428173 2.29022569707 2.24768673914 0.0425389579247 0.10176803518 2225.0 22.453325987 22.0423246226 0.411001364389 2.29020539284 2.24819904255 0.0420063502969 0.101994643534 2067.0
1.26633165829 22.4711673819 22.1038152662 0.367352115644 2.29022653307 2.24904895653 0.0411775765443 0.101749355459 2213.0 22.4534585758 22.0518627595 0.401595816229 2.29020450446 2.24880213107 0.0414023733924 0.101977876227 2053.0
1.29648241206 22.4713180382 22.0853142905 0.386003747665 2.29022737921 2.24546838422 0.0447589949916 0.101672466811 2177.0 22.4535916318 22.0583572651 0.395234366766 2.29020366255 2.24774769421 0.0424559683458 0.101900049364 2151.0
1.32663316583 22.4714687375 22.1372475715 0.33422116599 2.29022822871 2.24976054442 0.0404676842894 0.101627835039 2245.0 22.4537252119 22.0643643596 0.389360852353 2.29020287285 2.24739275931 0.0428101135348 0.101856220405 2155.0
1.3567839196 22.4716194786 22.0979171823 0.37370229631 2.29022908145 2.24821725211 0.0420118293464 0.101738875821 2187.0 22.4538593724 22.0619138095 0.391945562919 2.29020214104 2.2495307032 0.0406714378347 0.101964440738 2221.0
1.38693467337 22.4717702188 22.0865949198 0.385175298968 2.29022993316 2.24760079886 0.0426291343024 0.101763119531 2077.0 22.4539941663 22.0684956901 0.385498476212 2.29020147249 2.25076852618 0.0394329463066 0.101990120114 2197.0
1.41708542714 22.4719209304 22.0949742369 0.376946693547 2.29023078111 2.24800229541 0.0422284857001 0.101742698195 2133.0 22.4541296418 22.0614875623 0.392642079455 2.29020087206 2.24958876414 0.0406121079234 0.101969042558 2125.0
1.4472361809 22.4720715737 22.1035699304 0.368501643302 2.29023162134 2.24736295886 0.0428686624787 0.101674207648 2109.0 22.454265836 22.0730321096 0.381233726424 2.29020034354 2.24924124 0.0409591035477 0.101899966839 2141.0
1.47738693467 22.4722221128 22.1132042651 0.359017847634 2.29023245028 2.24799912091 0.0422333293657 0.101658678406 2165.0 22.4544027864 22.0593958264 0.395006960004 2.29019989073 2.2475241853 0.0426757054255 0.101885119746 2141.0
1.50753768844 22.4723725119 22.0887783141 0.383594197835 2.29023326439 2.24703821987 0.0431950445273 0.101727591627 2207.0 22.4545405618 22.0552103286 0.399330233194 2.29019952052 2.24863137174 0.0415681487767 0.101954655532 2133.0
1.53768844221 22.4725227373 22.0803223107 0.392200426622 2.29023406034 2.24686587154 0.0433681887982 0.101758744276 2095.0 22.4546792179 22.0597498411 0.394929376823 2.29019923853 2.24978711766 0.0404121208671 0.101986066654 2143.0
1.56783919598 22.472672758 22.0839828731 0.38868988498 2.29023483508 2.24640015949 0.0438346755908 0.101720788881 2073.0 22.4548187144 22.0753502887 0.379468425709 2.29019904078 2.25052967526 0.0396693655204 0.101947631445 2171.0
1.59798994975 22.4728225436 22.1101312486 0.362691295001 2.2902355856 2.24698713714 0.0432484484604 0.101627037482 2153.0 22.454958998 22.0743248761 0.380634121896 2.29019892193 2.24835223923 0.0418466827067 0.101853726075 2121.0
1.62814070352 22.4729720686 22.1138588146 0.359113254003 2.2902363094 2.24787525634 0.0423610530546 0.101650068185 2277.0 22.4551000637 22.0756352897 0.37946477391 2.29019888157 2.24899300135 0.0412058802199 0.101876705781 2065.0
1.65829145729 22.4731213152 22.1172415085 0.355879806612 2.29023700475 2.25021510488 0.0400218998657 0.101740314407 2245.0 22.4552420039 22.056295092 0.398946911896 2.29019892894 2.24900926132 0.0411896676159 0.101966774199 2053.0
1.68844221106 22.4732702642 22.1108448254 0.362425438753 2.29023766982 2.24974305898 0.0404946108331 0.101748398885 2183.0 22.4553851134 22.0429692216 0.412415891854 2.29019909327 2.24784456452 0.0423545287488 0.101975579693 2073.0
1.71859296482 22.4734188973 22.0886585877 0.384760309634 2.29023830281 2.24671169022 0.0435266125862 0.101713360334 2053.0 22.4555288214 22.0546336092 0.400895212259 2.2901993177 2.24825313849 0.0419461792158 0.101940171772 2104.0
1.74874371859 22.4735671999 22.119266285 0.354300914958 2.29023890232 2.24792601537 0.0423128869531 0.101627512703 2171.0 22.4556736094 22.0860447344 0.369628875027 2.29019965025 2.24955207496 0.0406475752911 0.101854003377 2209.0
1.77889447236 22.4737151535 22.1100434202 0.363671733345 2.29023946656 2.24801344722 0.042226019343 0.101673859454 2217.0 22.4558191664 22.0775367702 0.378282396228 2.29020005986 2.24975431514 0.0404457447212 0.101902415046 2227.0
1.80904522613 22.4738627058 22.1234074702 0.350455235584 2.29023999037 2.25060337719 0.0396366131734 0.101729508902 2141.0 22.4559655425 22.0509642975 0.405001245018 2.29020055143 2.24822613255 0.0419744188855 0.101955910055 2235.0
1.8391959799 22.4740092128 22.1015247179 0.372484494895 2.29024040673 2.24870746243 0.0415329443001 0.101744449359 2197.0 22.4561113022 22.0623449806 0.393766321635 2.29020097564 2.24972379559 0.0404771800503 0.101971200141 2089.0
1.86934673367 22.47412524 22.0706079729 0.403517267144 2.29023755743 2.2442750745 0.0459624829345 0.101686146447 2091.0 22.4562053994 22.0653468213 0.390858578048 2.2901958525 2.24878562815 0.0414102243509 0.101914809967 2153.0
1.89949748744 22.4736172931 22.1260710516 0.347546241476 2.29016667923 2.24748251559 0.0426841636349 0.101576213434 2203.0 22.4552160387 22.0992323436 0.355983695091 2.29007250691 2.24976845028 0.0403040566369 0.101803013575 2179.0
1.92964824121 22.4666780968 22.1260978944 0.34058020248 2.28937288045 2.24737411795 0.0419987624958 0.101571191119 2115.0 22.4430444983 22.1126633324 0.330381165872 2.28869137378 2.24948226115 0.039209112628 0.101728237225 2181.0
1.95979899497 22.4253724131 22.129065184 0.296307229114 2.28448796373 2.24713939205 0.0373485716801 0.101546964292 1973.0 22.3711149047 22.147878535 0.223236369691 2.28019433205 2.25083075559 0.0293635764588 0.101627374921 2181.0
1.98994974874 22.2912576537 22.1710744598 0.12018319392 2.2670329886 2.24913515289 0.0178978357079 0.101444571708 2023.0 22.1379473175 22.1522907259 0.0143434083722 2.24989256339 2.24741178714 0.0024807762511 0.101452793977 2065.0
2.02010050251 22.0685613619 22.4694861984 0.400924836541 2.23005878208 2.23708542975 0.00702664766342 0.0995610406928 1967.0 21.7536531232 22.6841224092 0.930469285994 2.18633215838 2.22712353306 0.0407913746825 0.0981798410751 1965.0
2.05025125628 22.0206188426 23.0033310626 0.982712220026 2.18672307732 2.22702169535 0.0402986180359 0.09681300892 1836.0 21.6920961522 23.7193600488 2.0272638966 2.1145557797 2.21568279587 0.101127016171 0.0934124188556 1861.0
2.08040201005 22.6120096525 23.6430554665 1.031045814 2.16717751218 2.22925389978 0.0620763876062 0.0942878936668 1751.0 22.8168366744 24.6598605655 1.84302389105 2.08881730727 2.19440895558 0.105591648304 0.0889870788098 1599.0
2.11055276382 24.2951711398 24.3141792755 0.0190081357212 2.20007105672 2.19787873346 0.00219232325424 0.0903949382191 1617.0 26.085513952 25.9419500946 0.14356385747 2.1559085526 2.13527106725 0.0206374853493 0.08230958195 1471.0
2.14070351759 26.7543456182 25.7658527533 0.988492864845 2.25042581627 2.16336129733 0.0870645189333 0.0839623403131 1537.0 31.0608864686 28.6210114771 2.43987499144 2.24034921684 2.05245382766 0.187895389183 0.0717114358206 1386.0
2.17085427136 28.7441043308 27.62641227 1.11769206089 2.22881524834 2.14988955604 0.0789256923029 0.0778200779395 1557.0 35.3238700754 31.7003699471 3.62350012828 2.17972119995 1.95644677126 0.223274428689 0.0617168435109 1183.0
2.20100502513 30.7406132435 29.6902612641 1.05035197937 2.20573002397 2.13626904792 0.0694609760502 0.0719518440381 1446.0 40.8103805062 36.8560846436 3.95429586263 2.15812388192 1.94076313722 0.217360744706 0.0526578760599 913.0
2.23115577889 32.8376545636 31.008995727 1.82865883662 2.20926377499 2.13865539443 0.0706083805612 0.0689688699776 1378.0 46.9465917896 39.9230780577 7.02351373187 2.17355438535 1.92057272363 0.25298166172 0.0481068298605 833.0
2.26130653266 34.6683702015 32.4981391805 2.17023102093 2.22484461949 2.14561511132 0.0792295081737 0.0660227066971 1291.0 52.5782393464 42.6432279292 9.93501141721 2.20131440708 1.86432390482 0.336990502257 0.0437191084108 759.0
2.29145728643 36.0536358569 33.6969270907 2.35670876617 2.24394045792 2.12574174874 0.118198709184 0.0630841424507 1281.0 56.9379871378 48.192207274 8.74577986385 2.22972787417 1.90372690354 0.326000970631 0.0395027953943 749.0
2.3216080402 36.9726106539 34.9576332168 2.01497743717 2.26130610197 2.16362477456 0.0976813274149 0.061892770633 1351.0 59.8100619866 52.08919814 7.72086384657 2.25320426922 1.97037217327 0.282832095952 0.0378268862572 771.0
2.35175879397 37.5090521228 35.4664464612 2.04260566159 2.27463011871 2.17895647104 0.0956736476673 0.0614371240555 1357.0 61.4314268392 53.2186072055 8.21281963372 2.27043383756 1.97998128301 0.290452554549 0.0372046805992 743.0
2.38190954774 37.7826118369 35.9284434206 1.85416841625 2.28352729225 2.19458770422 0.0889395880278 0.061082181561 1322.0 62.2084106753 55.5981188687 6.61029180665 2.28172218039 2.03875098887 0.24297119152 0.0366694239006 714.0
2.41206030151 37.8991540834 35.9547179585 1.94443612491 2.28843660181 2.187853387 0.100583214816 0.0608502447307 1289.0 62.5112572199 55.9196723161 6.59158490375 2.28791548988 2.0318096166 0.256105873276 0.0363344335266 683.0
2.44221105528 37.9325431779 36.1706674239 1.76187575401 2.29014301385 2.20020513008 0.0899378837663 0.0608284360446 1309.0 62.5915225225 57.9051566825 4.68636583995 2.29007082212 2.10244736421 0.187623457907 0.0363084651638 779.0
2.47236180905 37.938928561 36.3514526927 1.58747586826 2.29049852868 2.20799535089 0.0825031777917 0.060740223219 1377.0 62.6036439228 58.226852719 4.37679120376 2.29037638173 2.10814434896 0.182232032771 0.0362057066545 819.0
2.50251256281 37.9671671602 36.2874496785 1.67971748168 2.2927077959 2.2041337359 0.0885740599965 0.0607409381323 1323.0 62.6556167369 57.5948424909 5.06077424596 2.29331628618 2.08534442968 0.207971856505 0.036207138339 741.0
2.53266331658 37.9841651464 36.3809880251 1.60317712127 2.29637760945 2.22127666394 0.0751009455128 0.061055974137 1355.0 62.623183682 58.2022175409 4.42096614113 2.2979585217 2.1305805993 0.167377922402 0.0366065192929 763.0
2.56281407035 37.9405658293 36.2329503798 1.70761544944 2.30104785023 2.22143487158 0.0796129786455 0.0613097980787 1295.0 62.3423108363 58.0806979125 4.2616129238 2.30390758602 2.14576699506 0.158140590957 0.0369445800787 787.0
2.59296482412 37.7773111478 36.0121307267 1.7651804211 2.30613289343 2.21477113332 0.0913617601076 0.0615006968105 1199.0 61.6203151207 57.1376085208 4.48270659992 2.31053417366 2.12644436048 0.184089813177 0.0372161946489 707.0
2.62311557789 37.4365634582 35.5872383703 1.84932508799 2.31102304194 2.22017217331 0.0908508686293 0.0623867508406 1203.0 60.2847133619 56.2528969476 4.03181641433 2.3171992751 2.16463463819 0.152564636903 0.038480411777 723.0
2.65326633166 36.8725890198 34.9728608799 1.89972813981 2.3150955551 2.22482223807 0.0902733170245 0.0636156774737 1194.0 58.2316234172 54.2350209412 3.99660247599 2.32326956621 2.18017239126 0.143097174948 0.0401986088218 783.0
2.68341708543 36.0617803271 34.3632276866 1.69855264051 2.31772560822 2.23174827872 0.0859773294975 0.0649458281124 1197.0 55.4605344522 52.4715500604 2.98898439177 2.32801347093 2.20710090314 0.120912567786 0.042062811192 787.0
2.7135678392 35.0110882232 33.7869513054 1.22413691776 2.31841300195 2.2562989247 0.0621140772465 0.0667801869517 1265.0 52.0859157634 50.0261209561 2.05979480728 2.3306498232 2.23709824959 0.0935515736077 0.0447186031384 797.0
2.74371859296 33.7544079328 32.7280342417 1.02637369106 2.31656976821 2.26935630995 0.0472134582665 0.0693398293703 1315.0 48.3131403586 47.3161580154 0.996982343229 2.33039208635 2.29502825129 0.0353638350572 0.0485041124967 835.0
2.77386934673 32.3569677131 31.665182729 0.691784984108 2.31224417891 2.2784115394 0.0338326395073 0.0719532098994 1540.0 44.383796858 43.6181956079 0.765601250092 2.32637698242 2.28934633228 0.0370306501378 0.0524860393781 1012.0
2.8040201005 30.8951265852 30.4747054636 0.420421121652 2.30560857585 2.27819923063 0.0274093452259 0.0747570549402 1571.0 40.5391384204 40.2883167197 0.250821700673 2.31850974879 2.2867376804 0.0317720683936 0.0567593254468 1157.0
2.83417085427 29.4543417363 29.3087891886 0.145552547707 2.29775178708 2.28881110286 0.00894068421547 0.0780929941573 1545.0 36.96967878 37.0707577549 0.101078974907 2.30721985892 2.29579939228 0.0114204666324 0.0619301986611 1187.0
2.86432160804 28.1969313195 28.2274061476 0.0304748281009 2.29727405665 2.29802355749 0.000749500840304 0.0814110777829 1644.0 33.8760941243 34.2752271625 0.399133038189 2.29865550324 2.30602440387 0.00736890063095 0.0672796242294 1289.0
2.89447236181 27.1579738144 26.9396370881 0.218336726329 2.30479403326 2.28514744705 0.0196465862068 0.0848247301764 1626.0 31.4890586723 31.7269771183 0.237918445953 2.30802888403 2.31037730686 0.00234842283305 0.0728205935993 1373.0
2.92462311558 26.2447658615 26.0418064726 0.202959388898 2.31114159169 2.27883884654 0.0323027451544 0.0875069419219 1737.0 29.5477577011 29.6015325465 0.0537748454074 2.31963003733 2.28941284955 0.0302171877858 0.0773410243525 1533.0
2.95477386935 25.4552924034 25.3330083096 0.122284093775 2.31514621315 2.28607653808 0.0290696750679 0.0902410211273 1727.0 27.9515170215 28.0468697862 0.0953527647324 2.32786606997 2.29696538745 0.0309006825166 0.0818973883702 1617.0
2.98492462312 24.7881950941 24.4641529745 0.324042119639 2.31674069999 2.27692243907 0.039818260922 0.0930717871755 1849.0 26.6554962895 26.4305247639 0.224971525637 2.33203851409 2.28992109878 0.0421174153057 0.0866392596907 1612.0
3.01507537688 24.2349256088 24.011443494 0.22348211484 2.31602574647 2.2848048418 0.031220904669 0.0951548307528 1841.0 25.6156420905 25.282091964 0.33355012652 2.33219873971 2.28070871275 0.0514900269672 0.0902104428697 1611.0
3.04522613065 23.7878863178 23.6320030206 0.155883297268 2.31375595287 2.28126341851 0.0324925343644 0.0965327998868 1829.0 24.7944758022 24.6761947797 0.118281022469 2.32928633782 2.28583157042 0.0434547673926 0.0926330656259 1743.0
3.07537688442 23.4345768201 23.2989066541 0.135670165994 2.31050175965 2.28125103897 0.0292507206749 0.0979123644227 1964.0 24.1568812946 23.9578911846 0.198990109948 2.32436966195 2.27831640006 0.0460532618898 0.0950967003943 1843.0
3.10552763819 23.1621012707 22.9135268052 0.248574465518 2.30686085488 2.27455396597 0.0323068889044 0.099266864735 1915.0 23.6712324802 23.2910585678 0.380173912425 2.31851641386 2.26853309968 0.0499833141816 0.0973993128341 1723.0
3.13567839196 22.9570441894 22.7359977842 0.221046405218 2.30327810002 2.27023267087 0.0330454291522 0.0998519041223 1933.0 23.3089171424 23.0157051803 0.293211962093 2.31257528601 2.26448674007 0.0480885459411 0.0983887620355 1725.0
3.16582914573 22.8067101447 22.6071502746 0.199559870085 2.30006592576 2.26917411489 0.0308918108731 0.10037417752 2019.0 23.0447577415 22.9548632018 0.0898945397171 2.30714521126 2.27909489992 0.028050311346 0.0992859282098 1765.0
3.1959798995 22.6993700713 22.4581460564 0.241224014934 2.29737814424 2.26465071382 0.032727430415 0.100838720531 2073.0 22.8568253838 22.6127647293 0.24406065447 2.30255052214 2.26611949148 0.0364310306596 0.100214171889 1886.0
3.22613065327 22.6247482532 22.4594698086 0.165278444622 2.29525117849 2.26781131709 0.0274398614072 0.100973501886 2247.0 22.7264572548 22.525849125 0.200608129822 2.29888918354 2.26381463978 0.0350745437604 0.100498526258 1883.0
3.25628140704 22.57425586 22.3725554687 0.201700391292 2.29364620612 2.26480007437 0.028846131751 0.101231174845 2179.0 22.6383400473 22.460865983 0.177474064269 2.29611433315 2.26555589427 0.0305584388736 0.100866809676 1979.0
3.2864321608 22.5410163244 22.3283145757 0.212701748683 2.29248502695 2.2641976271 0.0282873998515 0.101404771033 2137.0 22.5803453679 22.3205830348 0.259762333046 2.29410119985 2.25780176101 0.0362994388359 0.101153350586 2013.0
3.31658291457 22.519742241 22.2833366604 0.236405580624 2.29167658344 2.262115201 0.0295613824362 0.101515999847 2135.0 22.5432058151 22.3494585984 0.193747216694 2.29269704972 2.2636431229 0.0290539268206 0.101284024977 2077.0
3.34673366834 22.5065202278 22.2756702301 0.230849997746 2.29113366824 2.26065056288 0.0304831053598 0.101485187181 2127.0 22.5200866375 22.2742856031 0.245801034404 2.29175283623 2.25579415688 0.0359586793453 0.101273468298 2153.0
3.37688442211 22.4985567715 22.3001891126 0.198367658806 2.29078154643 2.26245227084 0.0283292755934 0.101454398409 2171.0 22.5061186417 22.2625484775 0.243570164219 2.29113972324 2.25504611707 0.0360936061669 0.101293260264 2161.0
3.40703517588 22.4939256655 22.2320804639 0.26184520164 2.29056091073 2.25724221245 0.0333186982803 0.101530858352 2155.0 22.4979480843 22.2469652152 0.250982869027 2.29075503525 2.2561693898 0.0345856454519 0.101414703892 2171.0
3.43718592965 22.4913424797 22.2089322978 0.282410181869 2.2904274056 2.25595178135 0.0344756242537 0.101578578884 2147.0 22.4933402811 22.2228358402 0.270504440883 2.2905218472 2.25500142557 0.0355204216316 0.101472262216 2091.0
3.46733668342 22.4899770548 22.2081870196 0.281790035278 2.29034932297 2.25520089325 0.0351484297208 0.101548176412 2243.0 22.4908543589 22.2407133016 0.250141057311 2.29038540367 2.2561896011 0.0341958025768 0.101444120542 2027.0
3.49748743719 22.4892962004 22.2093119586 0.279984241828 2.29030359619 2.25339458021 0.0369090159822 0.101461701489 2187.0 22.489591613 22.2973434162 0.192248196792 2.2903084676 2.26007547423 0.030232993376 0.101360751012 2169.0
3.52763819095 22.4887094701 22.2105134673 0.278196002817 2.29024776927 2.25361226803 0.0366355012404 0.101466013893 2063.0 22.4890111005 22.2495732103 0.239437890163 2.29026685918 2.25541603967 0.0348508195077 0.101368957434 2135.0
3.55778894472 22.48872788 22.1783734947 0.310354385275 2.29024359468 2.25247253641 0.0377710582749 0.101561664878 2057.0 22.4883594083 22.2178203895 0.270539018842 2.29020077777 2.25437497701 0.0358258007668 0.101466972794 2135.0
3.58793969849 22.4889172974 22.1758175718 0.313099725603 2.29025216834 2.25255129209 0.0377008762547 0.101576922014 2105.0 22.4885503437 22.2091212218 0.279429121921 2.29021220957 2.25388550931 0.0363267002619 0.101484677705 2071.0
3.61809045226 22.4890898478 22.1645060056 0.324583842185 2.29025683566 2.25074550851 0.039511327143 0.101547289524 2187.0 22.4887314218 22.1426925748 0.346038847049 2.29021887553 2.24656267612 0.0436561994127 0.101458423294 2068.0
3.64824120603 22.4892495024 22.1757388825 0.313510619932 2.29025922803 2.25014498077 0.0401142472638 0.101468771466 2179.0 22.4888956301 22.1349860276 0.353909602579 2.29022215549 2.24413051736 0.0460916381283 0.101383868712 2233.0
3.6783919598 22.4894019443 22.1657577392 0.323644205077 2.29026048921 2.24972086595 0.0405396232583 0.101495328624 2205.0 22.4890479233 22.167639735 0.321408188318 2.29022353197 2.24797327579 0.0422502561788 0.101407876647 2145.0
3.70854271357 22.4895507217 22.1634617752 0.326088946487 2.29026122348 2.2508277192 0.039433504279 0.101555783209 2079.0 22.489194348 22.1383058592 0.350888488772 2.29022404326 2.2464573669 0.0437666763652 0.101473770449 2149.0
3.73869346734 22.489697712 22.1618408927 0.327856819275 2.29026172003 2.2511535156 0.0391082044319 0.101577911623 2101.0 22.4893381785 22.0589107045 0.430427473969 2.29022419334 2.23892843461 0.0512957587233 0.101497687923 2125.0
3.76884422111 22.4898438257 22.1481172434 0.341726582304 2.29026210847 2.24865387103 0.041608237438 0.101527992033 2123.0 22.489481004 22.0733920711 0.416088932934 2.29022420825 2.2393913178 0.050832890454 0.101452070012 2149.0
3.79899497487 22.4899894675 22.1727344982 0.317254969296 2.29026244287 2.24884045064 0.0414219922368 0.10142368551 2091.0 22.4896234905 22.1248057134 0.364817777182 2.29022417854 2.24230452257 0.0479196559669 0.101347987034 2183.0
3.82914572864 22.4901348019 22.1406731711 0.349461630781 2.29026274411 2.24714714937 0.0431155947412 0.101494075271 2247.0 22.489765959 22.0967525806 0.393013378416 2.29022414398 2.24101002156 0.0492141224219 0.101418070976 2133.0
3.85929648241 22.4902798919 22.1291487911 0.361131100826 2.29026301982 2.24761595998 0.0426470598321 0.101568116388 2229.0 22.4899084777 22.0832293118 0.406679165911 2.29022411376 2.2413644184 0.0488596953622 0.101496225337 2139.0
3.88944723618 22.4904247636 22.1222174523 0.368207311263 2.29026327293 2.24689672444 0.0433665484964 0.101567427826 2161.0 22.4900510984 22.0346189151 0.455432183246 2.29022409385 2.2364772655 0.0537468283568 0.101498341047 2175.0
3.91959798995 22.4905694313 22.1134311196 0.377138311723 2.290263505 2.24503215094 0.0452313540583 0.101523465029 2149.0 22.4901938125 22.0521203832 0.438073429227 2.29022408357 2.23730242253 0.0529216610431 0.101455206286 2183.0
3.94974874372 22.4907139076 22.1375430296 0.353170877985 2.29026371729 2.24540503859 0.0448586787073 0.101429731185 2161.0 22.4903365846 21.9886346119 0.501701972694 2.2902240794 2.22887770316 0.0613463762406 0.101364988891 2253.0
3.97989949749 22.4908582066 22.1257796121 0.365078594454 2.29026391122 2.24609189702 0.0441720141949 0.101514700788 2117.0 22.4904794264 22.0364574137 0.454022012655 2.29022408267 2.2355699134 0.0546541692717 0.101448698011 2151.0
4.01005025126 22.4910023422 22.1091292676 0.381873074653 2.29026408818 2.24544210446 0.0448219837217 0.101561761084 2105.0 22.4906223293 21.9789132615 0.511709067838 2.29022409263 2.23085619546 0.0593678971707 0.10149984073 2091.0
4.04020100503 22.4911463283 22.1039246251 0.387221703275 2.29026424955 2.24503691195 0.0452273376004 0.10156734381 2129.0 22.4907652707 22.0050514181 0.48571385262 2.29022410702 2.23367459556 0.0565495114611 0.101507356339 1989.0
4.07035175879 22.4912901804 22.1014855129 0.389804667533 2.29026439688 2.24331407013 0.0469503267453 0.101500601343 2153.0 22.4909082223 22.0438953227 0.447012899586 2.29022412301 2.2362436 0.05398052301 0.101445028987 2093.0
4.10050251256 22.4914339172 22.1170480879 0.374385829263 2.29026453205 2.24274930888 0.0475152231708 0.101403645729 2169.0 22.4910511498 21.9770880249 0.513963124915 2.29022413717 2.22731527949 0.0629088576733 0.101347151951 2101.0
4.13065326633 22.4915775598 22.105653093 0.385924466775 2.29026465717 2.2439335165 0.0463311406682 0.101509487508 2115.0 22.4911940234 21.9608689328 0.530325090677 2.29022414652 2.22803161602 0.0621925304972 0.101454620163 2179.0
4.1608040201 22.4917211316 22.0944735632 0.397247568453 2.29026477462 2.24408745732 0.0461773172975 0.101567817441 2113.0 22.4913368174 21.9592571057 0.532079711739 2.29022414853 2.22918458866 0.0610395598667 0.101514572098 2145.0
4.19095477387 22.4918646584 22.084011903 0.407852755477 2.29026488694 2.24264018346 0.0476247034839 0.101550397333 2055.0 22.4914795124 21.9271503078 0.56432920458 2.29022414131 2.22557887216 0.0646452691461 0.101498773936 2067.0
4.22110552764 22.4920081653 22.0881485403 0.403859625015 2.29026499668 2.24185993584 0.0484050608427 0.101496054852 2117.0 22.4916220865 21.9614210491 0.530201037397 2.2902241227 2.22789887776 0.0623252449419 0.101446025409 2087.0
4.25125628141 22.4921516719 22.0972685978 0.394883074111 2.2902651058 2.24158903619 0.0486760696182 0.101441905648 2069.0 22.49176452 21.9384390479 0.553325472017 2.29022409078 2.22441386264 0.0658102281337 0.101393442705 2155.0
4.28140703518 22.4922951993 22.0635406179 0.428754581389 2.29026521644 2.24005833512 0.0502068813142 0.101527600394 2060.0 22.4919067895 21.8910000725 0.600906717002 2.2902240432 2.22151186601 0.0687121771826 0.101480602013 2116.0
4.31155778894 22.4924387757 22.0842172975 0.408221478175 2.29026533139 2.24287905042 0.0473862809707 0.101560269047 2077.0 22.4920488826 21.8995221733 0.592526709336 2.29022397873 2.22312385462 0.0671001241092 0.101514719683 2193.0
4.34170854271 22.4925824201 22.0699196935 0.422662726663 2.29026545257 2.24121356924 0.0490518833282 0.101550599203 2091.0 22.4921907973 21.8836582438 0.60853255351 2.29022389718 2.221333193 0.0688907041801 0.101506483434 2125.0
4.37185929648 22.4927261552 22.0983303517 0.39439580355 2.29026558223 2.24207433615 0.0481912460817 0.101458992624 2167.0 22.4923325156 21.9204671312 0.571865384409 2.29022379679 2.2230930062 0.0671307905924 0.101416315304 2201.0
4.40201005025 22.4928700044 22.0866839578 0.406186046677 2.2902657227 2.24030743956 0.0499582831435 0.101432494069 2129.0 22.4924739959 21.8732091413 0.619264854552 2.29022367341 2.21775075509 0.0724729183205 0.101391192338 2189.0
4.43216080402 22.4930139933 22.0881600221 0.404853971202 2.29026587654 2.24244527337 0.0478206031673 0.101522502152 2109.0 22.4926152025 21.8916876689 0.60092753365 2.29022352348 2.22162295117 0.0686005723156 0.101482488914 2083.0
4.46231155779 22.4931581452 22.0687178473 0.424440297879 2.2902660461 2.24130416027 0.0489618858301 0.101560234526 2083.0 22.4927561269 21.8913782454 0.60137788149 2.29022334612 2.22244576295 0.0677775831704 0.101521509429 2135.0
4.49246231156 22.493302486 22.06784852 0.425453965929 2.29026623394 2.24047183295 0.0497944009832 0.101526518587 2143.0 22.492896771 21.8735007693 0.619396001639 2.29022314149 2.21992142085 0.0703017206415 0.101489077778 2277.0
4.52261306533 22.4934470393 22.0967336366 0.396713402695 2.29026644243 2.24193743959 0.0483290028447 0.101460128744 2193.0 22.493037122 21.8866787361 0.606358385932 2.29022290831 2.21983344121 0.0703894670919 0.101423951436 2141.0
4.5527638191 22.4935918264 22.0870251995 0.406566626934 2.29026667369 2.24106937834 0.0491972953566 0.101465424071 2177.0 22.4931771606 21.8819954688 0.611181691713 2.29022264462 2.21950085283 0.0707217917878 0.101430459392 2163.0
4.58291457286 22.4937368604 22.0705241771 0.4232126833 2.29026692901 2.24091806008 0.0493488689246 0.101534428548 2005.0 22.4933168735 21.8687725422 0.624544331336 2.2902223491 2.21969400127 0.0705283478325 0.101500621353 2235.0
4.61306532663 22.4938821427 22.0706435792 0.423238563542 2.2902672085 2.24134193099 0.0489252775082 0.101553084438 2057.0 22.4934562563 21.8778617979 0.615594458449 2.29022202125 2.22104990923 0.0691721120175 0.101520428722 2183.0
4.6432160804 22.4940276641 22.0820824854 0.411945178738 2.29026751121 2.24193552812 0.0483319830883 0.101527359551 2145.0 22.4935953063 21.8260818338 0.667513472551 2.29022166076 2.2152565933 0.0749650674577 0.101495843834 2275.0
4.67336683417 22.4941734176 22.0693103251 0.424863092519 2.29026783642 2.23821194935 0.0520558870681 0.101417394399 2123.0 22.4937340173 21.8505518746 0.643182142748 2.29022126694 2.21536226421 0.0748590027306 0.101387016535 2263.0
4.70351758794 22.4943194122 22.0580261066 0.43629330558 2.29026818498 2.23790386364 0.0523643213416 0.101455309411 2171.0 22.4938723792 21.8563185277 0.637553851449 2.29022083872 2.21679897381 0.0734218649063 0.101426000495 2151.0
4.73366834171 22.4944656736 22.0580148571 0.436450816441 2.29026855938 2.23953767785 0.050730881534 0.101529430112 2173.0 22.4940103804 21.8128199623 0.681190418059 2.29022037489 2.21402628117 0.0761940937223 0.101501148636 2191.0
4.76381909548 22.4946122253 22.0659840766 0.428628148685 2.29026896193 2.24072869929 0.0495402626425 0.101546737798 2191.0 22.4941480107 21.8238630383 0.670284972358 2.29021987439 2.21554734326 0.074672531132 0.101519485316 2203.0
4.79396984925 22.494759061 22.076167188 0.418591873083 2.29026939195 2.24065646103 0.0496129309116 0.101496624933 2109.0 22.4942852636 21.8150376776 0.679247586 2.29021933654 2.21358041832 0.0766389182249 0.10147039171 2233.0
4.82412060302 22.4949061514 22.0736449007 0.421261250736 2.29026984644 2.23868649859 0.0515833478525 0.101418977639 2145.0 22.4944221369 21.8167002217 0.677721915179 2.29021876107 2.21207684787 0.0781419132012 0.101393740822 2175.0
4.85427135678 22.4950534816 22.0491388159 0.445914665757 2.29027032387 2.23761376934 0.0526565545217 0.101483046029 2077.0 22.4945586319 21.7934482323 0.701110399577 2.29021814807 2.21113642278 0.0790817252878 0.101458768673 2189.0
4.88442211055 22.4952010464 22.0411136107 0.454087435774 2.29027082362 2.23795926654 0.0523115570716 0.101535671295 2091.0 22.4946947546 21.7905625407 0.704132213928 2.29021749811 2.21201035084 0.0782071472703 0.101512310511 2183.0
4.91457286432 22.4953488309 22.0546606845 0.440688146383 2.29027134412 2.23943459246 0.0508367516615 0.101540197081 2081.0 22.4948305165 21.7834044699 0.711426046634 2.2902168123 2.21140231234 0.0788144999615 0.101517754738 2131.0
4.94472361809 22.4954968238 22.0596103551 0.435886468679 2.29027188422 2.23901512159 0.0512567626308 0.101498398455 2183.0 22.4949659347 21.7769321073 0.718033827401 2.29021609231 2.20985484011 0.0803612521998 0.101476866862 2129.0
4.97487437186 22.4956450117 22.0851259494 0.410519062257 2.29027244249 2.23920549382 0.0510669486655 0.101389754306 2215.0 22.4951010304 21.8199721647 0.675128865699 2.29021534024 2.21187145164 0.0783438886001 0.101369123432 2145.0
5.00502512563 22.4957933797 22.0643957198 0.431397659906 2.2902730174 2.23893707395 0.0513359434513 0.101472848039 2137.0 22.4952358279 21.7878840249 0.707351803022 2.29021455851 2.21044749576 0.0797670627427 0.101453059565 2097.0
5.0351758794 22.4959419121 22.057631933 0.438309979163 2.29027360729 2.23953547115 0.0507381361437 0.101531092637 2079.0 22.4953703549 21.7996958693 0.695674485595 2.29021374985 2.21293363707 0.0772801127703 0.101512133488 2119.0
5.06532663317 22.4960905896 22.0348248414 0.461265748231 2.2902742102 2.23716293824 0.0531112719556 0.101528510181 2061.0 22.4955046415 21.7712390231 0.724265618326 2.29021291726 2.21000647902 0.0802064382496 0.101510367723 2159.0
5.09547738693 22.496239393 22.0575555769 0.438683816066 2.29027482415 2.23800164052 0.0522731836278 0.101461906453 2059.0 22.4956387195 21.7824086433 0.713230076188 2.29021206393 2.20970733294 0.0805047309935 0.101444581686 2173.0
5.1256281407 22.4963883045 22.0599837083 0.436404596277 2.29027544734 2.23635068293 0.0539247644117 0.101375899117 2257.0 22.4957726226 21.8001681406 0.695604481923 2.2902111932 2.20965128405 0.0805599091512 0.101359368873 2227.0
5.15577889447 22.4965373097 22.0608939616 0.435643348106 2.29027607829 2.23905888458 0.0512171937062 0.101494476537 2173.0 22.4959063861 21.7839501792 0.711956206926 2.2902103086 2.2106068852 0.079603423403 0.101478697253 2071.0
5.18592964824 22.4966863948 22.0461240926 0.450562302198 2.29027671561 2.23836980587 0.0519069097338 0.101531216846 2115.0 22.4960400442 21.7666329962 0.729407047987 2.29020941352 2.20966552181 0.0805438917149 0.101516184069 2013.0
5.21608040201 22.4968355428 22.0390358126 0.45779973026 2.29027735759 2.23741904636 0.0528583112338 0.101520731913 2081.0 22.4961736271 21.7589221349 0.737251492147 2.29020851099 2.20867049058 0.0815380204055 0.101506429265 2065.0
5.24623115578 22.4969847336 22.054040247 0.442944486626 2.29027800219 2.23761461443 0.0526633877657 0.101460530105 2127.0 22.496307164 21.7600296867 0.736277477295 2.2902076039 2.20748887523 0.0827187286745 0.101446960644 2223.0
5.27638190955 22.4971339391 22.0639780649 0.433155874109 2.29027864655 2.23754505154 0.0527335950046 0.101411678572 2105.0 22.4964406873 21.7689833079 0.727457379372 2.29020669552 2.20734910723 0.0828575882871 0.101398814819 2187.0
5.30653266332 22.4972831252 22.0390853519 0.458197773277 2.29027928717 2.23663285355 0.0536464336196 0.101484831055 2053.0 22.4965742296 21.761327788 0.735246441656 2.29020578907 2.20817940316 0.0820263859053 0.101472641039 2045.0
5.33668341709 22.4974322611 22.0401169456 0.457315315495 2.29027992092 2.2376729529 0.052606968022 0.10152727222 2039.0 22.4967078235 21.7399943058 0.756713517711 2.29020488782 2.20695182712 0.0832530607005 0.101515750008 2163.0
5.36683417085 22.4975813289 22.0537343279 0.443847001075 2.29028054602 2.2385577073 0.0517228387209 0.101504700928 2045.0 22.4968415004 21.7163214062 0.780520094223 2.29020399493 2.20407271859 0.0861312763404 0.10149383394 2197.0
5.39698492462 22.4977303186 22.058305824 0.43942449454 2.29028116149 2.23718012982 0.0531010316697 0.101421212838 2093.0 22.4969752993 21.7510706899 0.745904609354 2.29020311431 2.20579797435 0.0844051399564 0.101411006649 2245.0
5.42713567839 22.4978792165 22.0559422079 0.441937008566 2.29028176602 2.23643986003 0.0538419059868 0.10139851832 2157.0 22.4971092527 21.7628764772 0.734232775531 2.29020224923 2.20651473509 0.0836875141373 0.101388928867 2267.0
5.45728643216 22.4980279995 22.0429523898 0.455075609723 2.29028235728 2.23738579375 0.0528965635295 0.10150118524 2187.0 22.4972433937 21.7515412204 0.745702173385 2.29020140299 2.20761191125 0.0825894917368 0.101492206409 2135.0
5.48743718593 22.4981766385 22.0234701872 0.474706451258 2.29028293233 2.2358601238 0.0544228085285 0.101521699568 2071.0 22.4973777559 21.7386831337 0.758694622182 2.29020057899 2.20676587779 0.083434701204 0.101513319101 2061.0
5.5175879397 22.4983251065 22.0293401015 0.468985005078 2.29028348847 2.23592357174 0.0543599167223 0.101497528362 2125.0 22.4975123721 21.7395947287 0.757917643425 2.29019978055 2.20634571355 0.0838540670036 0.101489735254 2037.0
5.54773869347 22.498473383 22.0590851381 0.439388244897 2.29028402364 2.23730752704 0.0529764965958 0.101423405052 2215.0 22.4976472738 21.7340777494 0.76356952437 2.29019901084 2.20418763428 0.0860113765517 0.101416202688 2213.0
5.57788944724 22.4986214516 22.0581924129 0.440429038701 2.29028453625 2.23728296455 0.0530015717008 0.101426396264 2219.0 22.4977824921 21.7423673991 0.755415092938 2.29019827299 2.20510541069 0.0850928623003 0.101419747455 2193.0
5.60804020101 22.4987692967 22.0409575043 0.457811792403 2.29028502476 2.23696942334 0.0533156014155 0.101491481162 2153.0 22.4979180568 21.7094387713 0.788479285523 2.29019757004 2.20319067146 0.0870068985806 0.101485381297 2141.0
5.63819095477 22.498916897 22.0219610575 0.476955839498 2.29028548706 2.23563279256 0.0546526944959 0.101518333755 2167.0 22.498053996 21.70521753 0.792836465998 2.2901969048 2.20335660852 0.0868402962853 0.101512763255 2181.0
5.66834170854 22.499064229 22.042385466 0.456678763044 2.29028592085 2.2367594466 0.0535264742542 0.101475380242 2199.0 22.4981903373 21.7409504678 0.757239869548 2.29019628007 2.20606175263 0.0841345274392 0.10147034537 2227.0
5.69849246231 22.4992112761 22.0549728401 0.444238435993 2.29028632452 2.2358267482 0.0544595763142 0.101375175767 2297.0 22.4983271088 21.7376073797 0.76071972911 2.2901956987 2.20355559522 0.0866401034777 0.101370659462 2151.0
5.72864321608 22.499358025 22.0516669219 0.447691103163 2.29028669677 2.23651373799 0.0537729587763 0.101421527267 2219.0 22.4984643384 21.7396645261 0.758799812314 2.29019516349 2.20478283874 0.0854123247493 0.101417518936 2203.0
5.75879396985 22.4995044575 22.0372885367 0.462215920776 2.29028703582 2.23684288757 0.0534441482446 0.10150263649 2147.0 22.498602052 21.7122304574 0.786371594563 2.29019467707 2.20377207336 0.0864226037073 0.101499110268 2291.0
5.78894472362 22.4996505524 22.0240862496 0.475564302836 2.2902873396 2.23559797804 0.054689361561 0.101506957097 2113.0 22.498740273 21.6945558883 0.804184384685 2.29019424183 2.20208231965 0.0881119221809 0.101503913285 2151.0
5.81909547739 22.4997962905 22.0365922776 0.463204012873 2.29028760623 2.23604680557 0.0542408006568 0.101469718067 2203.0 22.4988790225 21.7033437149 0.795535307591 2.2901938599 2.20217638811 0.088017471789 0.101467147968 2145.0
5.84924623116 22.4999416558 22.0524648061 0.447476849693 2.29028783418 2.23565577647 0.0546320577093 0.101378952245 2129.0 22.4990183199 21.7207417031 0.778276616785 2.29019353327 2.20198020258 0.0882133306905 0.10137684213 2131.0
5.87939698492 22.5000866371 22.041688917 0.458397720057 2.29028802237 2.23595714707 0.0543308752956 0.101442187824 2073.0 22.4991581829 21.6972952799 0.801862903028 2.29019326375 2.20098517456 0.089208089182 0.101440531927 2127.0
5.90954773869 22.500231182 22.0304237751 0.469807406887 2.2902881656 2.23593469426 0.0543534713409 0.101493040582 2077.0 22.4992986144 21.6887015771 0.810597037294 2.29019305167 2.20122601586 0.0889670358076 0.101491830114 2027.0
5.93969849246 22.5003750513 22.0431936482 0.457181403032 2.29028823996 2.23747840348 0.0528098364762 0.101504275614 2123.0 22.4994393006 21.6798256383 0.819613662314 2.29019286548 2.20057806363 0.0896148018494 0.101503494555 1999.0
5.96984924623 22.5005075979 22.0615543653 0.438953232605 2.29028717171 2.23790683454 0.0523803371727 0.101439218537 2537.0 22.4995697753 21.7114542723 0.788115502932 2.29019164997 2.2023854264 0.0878062235742 0.101438871794 2419.0
6.0 22.498999017 22.3218131599 0.177185857126 2.2901227667 2.26174499 0.028377776703 0.101324429776 876.0 22.4980672231 21.9327088312 0.565358391956 2.29002790568 2.22231921576 0.0677086899129 0.101324429776 876.0
