z uax1dseverity23 uax3dseverity23 discseverity23 flow1dseverity23 flow3dseverity23 flowdiscseverity23 areaseverity23 intersectionsseverity23 uax1dseverity40 uax3dseverity40 discseverity40 flow1dseverity40 flow3dseverity40 flowdiscseverity40 areaseverity40 intersectionsseverity40
0.0 10.914838572 22.3153180528 11.4004794808 1.12535874893 2.26108687856 1.13572812964 0.101324429848 876.0 10.910502007 22.3153179563 11.4048159493 1.12550813319 2.2610868784 1.13557874521 0.101324430278 876.0
0.0301507537688 22.4491609416 22.0218427219 0.427318219716 2.28866666259 2.23660077453 0.0520658880527 0.101562834808 2517.0 22.4370825042 22.008168342 0.42891416226 2.28866908228 2.23722838928 0.0514406929942 0.101654456406 2449.0
0.0603015075377 22.5446437236 22.0406911373 0.503952586297 2.29817279011 2.24061228029 0.0575605098272 0.101657986418 2003.0 22.5324524798 22.0174475129 0.515004966857 2.29816929273 2.24068323589 0.0574860568413 0.101768528553 2039.0
0.0904522613065 22.544783884 22.0376260198 0.507157864187 2.29817248679 2.24010570658 0.0580667802083 0.101649138822 1999.0 22.5326086745 21.9988395838 0.533769090681 2.29817065811 2.2386347591 0.059535899009 0.101761492945 2059.0
0.120603015075 22.5449166933 22.077721799 0.467194894261 2.29817145309 2.24307603565 0.0550954174355 0.101599071502 2029.0 22.5327555608 22.0590297099 0.473725850919 2.29817109588 2.24360063166 0.0545704642154 0.101708944644 2053.0
0.150753768844 22.5450494446 22.0858491622 0.459200282418 2.29817041078 2.24233191559 0.0558384951892 0.101527991934 2109.0 22.5329021282 22.0605697717 0.472332356423 2.29817150255 2.24229026168 0.0558812408637 0.101642445544 2137.0
0.180904522613 22.5451824413 22.0830265116 0.462155929743 2.2981693914 2.24402981958 0.0541395718205 0.10161785652 2153.0 22.533048333 22.0555595121 0.477488820883 2.29817187367 2.24371000792 0.0544618657511 0.101729906543 2107.0
0.211055276382 22.5453158 22.084288346 0.461027453944 2.29816840694 2.24497894601 0.0531894609352 0.101655027811 2107.0 22.5331941559 22.0425282098 0.490665946108 2.29817220721 2.24322171231 0.0549504948984 0.101767895723 1973.0
0.241206030151 22.5454496024 22.0992587562 0.446190846247 2.29816746573 2.24638903632 0.0517784294062 0.101649972115 2165.0 22.5333395803 22.0521793162 0.481160264093 2.29817250142 2.24411890047 0.0540536009577 0.101764041925 2067.0
0.27135678392 22.5455839299 22.1147029734 0.430880956472 2.298166576 2.24615666397 0.0520099120288 0.101568475356 2221.0 22.5334845785 22.0597146116 0.473769966841 2.29817275341 2.24305398683 0.0551187665747 0.101681006592 2107.0
0.301507537688 22.5457188204 22.1344840494 0.411234771058 2.29816574168 2.24703254318 0.0511331984931 0.10151727676 2101.0 22.5336291164 22.0727744719 0.460854644503 2.29817295968 2.2432668885 0.0549060711825 0.101630490148 2095.0
0.331658291457 22.5458542438 22.1043206856 0.44153355822 2.29816495987 2.24610216101 0.0520627988602 0.101613715841 2059.0 22.533773144 22.0814815216 0.452291622467 2.29817311513 2.24628158893 0.0518915262043 0.101726941951 2153.0
0.361809045226 22.5459901572 22.0798274856 0.466162671603 2.29816422639 2.24457527546 0.0535889509356 0.101657283189 2061.0 22.5339166075 22.0791042939 0.45481231366 2.29817321427 2.24700452817 0.0511686861025 0.101770637896 2201.0
0.391959798995 22.5461265907 22.1085757529 0.437550837785 2.2981635444 2.24688684073 0.0512767036616 0.10162965113 2199.0 22.5340595056 22.0713913178 0.462668187807 2.29817325687 2.24560948864 0.0525637682292 0.101742996457 2153.0
0.422110552764 22.5462636582 22.1190617133 0.427201944858 2.29816292536 2.24653883989 0.0516240854784 0.101565738593 2243.0 22.5342018201 22.0787439264 0.45545789363 2.29817324091 2.24494296575 0.0532302751533 0.101678925814 2153.0
0.452261306533 22.5464014716 22.1128961765 0.433505295064 2.29816238059 2.24563434481 0.0525280357723 0.101553153729 2131.0 22.5343434288 22.0798366618 0.454506767011 2.29817315433 2.24477563434 0.0533975199834 0.101666315232 2159.0
0.482412060302 22.5465400563 22.0998420371 0.446698019174 2.2981619127 2.24594353223 0.0522183804737 0.101627130568 2074.0 22.534484362 22.0624411463 0.472043215783 2.29817299995 2.24464062456 0.0535323753871 0.101740356368 2108.0
0.51256281407 22.5466793695 22.0981615025 0.448517867004 2.29816151754 2.24631187872 0.0518496388123 0.101651527819 2115.0 22.5346246279 22.0651480892 0.469476538739 2.29817277849 2.24545797363 0.0527148048673 0.101764917441 2075.0
0.542713567839 22.5468194007 22.0927200557 0.454099344998 2.29816119413 2.2453057995 0.0528553946219 0.101631025688 2089.0 22.5347642156 22.0765077668 0.458256448871 2.29817248879 2.24616081471 0.0520116740764 0.101744389939 2193.0
0.572864321608 22.5469602169 22.1039945805 0.442965636406 2.29816094925 2.24417977751 0.0539811717403 0.101528245012 2163.0 22.5349031159 22.0739955358 0.460907580086 2.29817212982 2.24360932462 0.0545628051952 0.10164038137 2233.0
0.603015075377 22.5471018861 22.1174317801 0.429670105921 2.29816078978 2.24590984894 0.0522509408339 0.101544784732 2171.0 22.5350413258 22.107406553 0.427634772781 2.29817170124 2.24739460367 0.0507770975646 0.101657994043 2203.0
0.633165829146 22.5472443885 22.1025777395 0.444666649013 2.29816071384 2.24617137215 0.0519893416919 0.101624860169 2193.0 22.5351788509 22.0709280597 0.464250791206 2.29817120354 2.24544908641 0.0527221171337 0.101737864413 2193.0
0.663316582915 22.5473876063 22.1103884609 0.436999145371 2.29816070983 2.24749917836 0.050661531473 0.101649013645 2205.0 22.5353157039 22.0719725012 0.463343202675 2.29817063794 2.24609954051 0.0520710974348 0.101762519883 2125.0
0.693467336683 22.5475317039 22.0947852048 0.452746499072 2.29816079409 2.24493988267 0.0532209114173 0.101604965238 2175.0 22.5354519024 22.0866682857 0.448783616722 2.29817000616 2.24662280906 0.0515471971015 0.101718501858 2107.0
0.723618090452 22.5476766341 22.1131559162 0.434520717842 2.29816096198 2.2451253194 0.0530356425792 0.101528941771 2151.0 22.5355874694 22.1037897664 0.431797703017 2.29816931044 2.24664773907 0.0515215713693 0.101640839097 2127.0
0.753768844221 22.5478224073 22.1203198292 0.42750257807 2.29816121466 2.24689758697 0.0512636276873 0.101576179925 2139.0 22.5357224329 22.0923541419 0.443368290979 2.29816855354 2.24657630136 0.0515922521851 0.101690217662 2183.0
0.78391959799 22.547968907 22.1120526467 0.435916260389 2.29816154055 2.2473326889 0.0508288516539 0.101633834037 2065.0 22.5358568269 22.0726321881 0.463224638844 2.29816773885 2.24583116795 0.0523365708913 0.101747319886 2189.0
0.814070351759 22.5481162385 22.1078423839 0.44027385454 2.29816195017 2.24712590272 0.051036047454 0.10164383587 2087.0 22.5359906913 22.064165975 0.471824716217 2.29816687029 2.24518889171 0.0529779785865 0.101757251747 2185.0
0.844221105528 22.5482643601 22.1161469705 0.432117389586 2.29816243939 2.24717448069 0.0509879587024 0.101607865226 2087.0 22.5361240687 22.0679383334 0.468185735337 2.29816595215 2.24477614387 0.0533898082806 0.101721153556 2151.0
0.874371859296 22.5484132665 22.1373160293 0.411097237274 2.29816300771 2.24670224714 0.0514607605668 0.101489369541 2205.0 22.5362570063 22.0840820001 0.452175006224 2.2981649891 2.24377412031 0.0543908687881 0.101601421345 2257.0
0.904522613065 22.5485629215 22.104767757 0.443795164516 2.29816365153 2.24512534036 0.0530383111662 0.101567470196 2165.0 22.536389555 22.0835782428 0.452811312143 2.29816398626 2.24547519021 0.052688796046 0.101680767742 2155.0
0.934673366834 22.5487133357 22.1090983839 0.439614951787 2.29816437192 2.24697848766 0.0511858842589 0.101631393947 2187.0 22.5365217635 22.0672005284 0.469321235052 2.2981629485 2.24522465017 0.0529382983346 0.101744879115 2143.0
0.964824120603 22.5488643918 22.1215222663 0.427342125544 2.29816515724 2.24834176019 0.0498233970488 0.10163594228 2173.0 22.5366536899 22.0889318454 0.447721844537 2.29816188166 2.24752358509 0.0506382965684 0.101748857791 2083.0
0.994974874372 22.5490161717 22.1187091824 0.430306989318 2.29816601564 2.2467180952 0.0514479204454 0.1015754616 2109.0 22.5367853975 22.0884312411 0.44835415631 2.29816079206 2.24613880084 0.0520219912164 0.101688471052 2161.0
1.02512562814 22.5491685564 22.1281649296 0.421003626771 2.29816693525 2.24577843837 0.0523884968768 0.10148959236 2137.0 22.5369169479 22.1081741547 0.428742793182 2.2981596859 2.24624372856 0.051915957346 0.101602407907 2214.0
1.05527638191 22.5493215526 22.1037767436 0.445544808965 2.29816791668 2.24559392227 0.0525739944093 0.101593223109 2127.0 22.5370483986 22.0916154968 0.445432901803 2.29815856895 2.24687565525 0.0512829136931 0.101707168295 2145.0
1.08542713568 22.5494751157 22.1016688271 0.447806288523 2.29816895544 2.24631752063 0.0518514348124 0.101635651959 2201.0 22.5371798072 22.0899762376 0.447203569564 2.29815744698 2.24763798926 0.0505194577144 0.101749226214 2133.0
1.11557788945 22.5496291596 22.091575529 0.458053630611 2.29817004291 2.24517628857 0.052993754337 0.10163042856 2151.0 22.5373112428 22.0845194193 0.452791823419 2.29815632693 2.24697101387 0.0511853130636 0.101744166183 2135.0
1.14572864322 22.5497836796 22.1000098713 0.449773808336 2.29817117854 2.24483459286 0.0533365856815 0.101576180551 2243.0 22.5374427648 22.0848890173 0.452553747498 2.29815521478 2.24580593408 0.052349280705 0.101689708847 2123.0
1.17587939698 22.5499385761 22.1218436672 0.428094908929 2.29817235237 2.24555541463 0.0526169377445 0.101508511154 2273.0 22.5375744406 22.1069384189 0.430636021674 2.29815411732 2.24656400201 0.051590115309 0.101622574752 2179.0
1.20603015075 22.550093846 22.1294449876 0.420648858459 2.29817356401 2.24804462071 0.0501289433022 0.101586127532 2203.0 22.5377063353 22.0757400749 0.461966260381 2.29815304108 2.24508530823 0.0530677328515 0.101699209205 2123.0
1.23618090452 22.5502494092 22.1009183479 0.44933106128 2.29817480541 2.24621388924 0.0519609161756 0.101634414185 2225.0 22.5378385124 22.0687699716 0.469068540858 2.29815199248 2.24543949932 0.0527124931584 0.101747378862 2067.0
1.26633165829 22.5504052222 22.1183685883 0.432036633974 2.29817607218 2.24758910195 0.0505869702334 0.10161640507 2213.0 22.5379710342 22.0775520952 0.46041893906 2.29815097777 2.2459779113 0.0521730664704 0.101731292565 2053.0
1.29648241206 22.5505612375 22.0997441669 0.450817070619 2.29817735948 2.24401373915 0.0541636203275 0.101540258666 2177.0 22.5381039615 22.0844564806 0.453647480921 2.29815000309 2.24497969529 0.0531703078064 0.101654287814 2151.0
1.32663316583 22.5507173936 22.151530331 0.399187062664 2.29817866114 2.24829914892 0.0498795122203 0.101496335257 2245.0 22.5382373523 22.091078145 0.447159207246 2.29814907431 2.24470135323 0.0534477210797 0.101611217818 2155.0
1.3567839196 22.5508736324 22.1120337041 0.438839928293 2.2981799713 2.24675689138 0.0514230799146 0.101607881095 2187.0 22.5383712605 22.0880929143 0.450278346196 2.29814819686 2.2467969678 0.0513512290585 0.101719825995 2221.0
1.38693467337 22.5510299096 22.100856804 0.450173105587 2.29818128548 2.24617056746 0.0520107180217 0.101632737019 2077.0 22.5385057359 22.0946783283 0.443827407611 2.29814737578 2.24804684367 0.0501005321035 0.101746077054 2197.0
1.41708542714 22.5511861865 22.1090313199 0.44215486661 2.29818259979 2.24656474933 0.0516178504646 0.101612988684 2133.0 22.5386408253 22.0882538174 0.450387007928 2.29814661579 2.24694299854 0.0512036172521 0.101725696251 2125.0
1.4472361809 22.5513424203 22.1178541798 0.43348824053 2.29818390988 2.24596270163 0.0522212082481 0.101545235057 2109.0 22.5387765728 22.0995675691 0.439209003614 2.29814592137 2.2465854879 0.051560433477 0.101657441073 2141.0
1.47738693467 22.5514985688 22.1271395589 0.424359009925 2.29818521148 2.2465765945 0.0516086169837 0.101530366748 2165.0 22.5389130195 22.0858037477 0.45310927182 2.29814529669 2.24487306678 0.0532722299102 0.101643258829 2141.0
1.50753768844 22.5516545907 22.1026417777 0.449012813016 2.29818650041 2.24562470517 0.0525617952333 0.101599832625 2207.0 22.5390502033 22.0812223032 0.457827900136 2.29814474556 2.24595336168 0.0521913838796 0.101713271614 2133.0
1.53768844221 22.5518104492 22.093725103 0.458085346188 2.29818777293 2.24542063149 0.0527671414421 0.101631599969 2095.0 22.5391881523 22.0856835131 0.45350463923 2.29814427085 2.24711362774 0.051030643107 0.101745260744 2143.0
1.56783919598 22.5519661132 22.0973597266 0.454606386653 2.29818902591 2.2449665683 0.0532224576097 0.101594335073 2073.0 22.5393268833 22.1010494388 0.438277444447 2.29814387428 2.24784373895 0.050300135332 0.101707556701 2171.0
1.59798994975 22.552121553 22.123650837 0.428470716001 2.29819025633 2.24558012377 0.0526101325591 0.101501336299 2153.0 22.5394664396 22.0999962941 0.439470145557 2.29814356022 2.24568005598 0.0524635042411 0.101614499211 2121.0
1.62814070352 22.5522767443 22.1274171447 0.424859599672 2.29819146177 2.24648579863 0.0517056631377 0.101524989742 2277.0 22.5396068717 22.1009032418 0.438703629845 2.29814333373 2.24629332279 0.0518500109328 0.101638077784 2065.0
1.65829145729 22.5524316654 22.1307079797 0.421723685729 2.29819264002 2.24882893194 0.049363708075 0.101615769997 2245.0 22.5397481375 22.0814082343 0.458339903197 2.29814319066 2.24631043799 0.0518327526682 0.101728586065 2053.0
1.68844221106 22.5525862977 22.1241581108 0.428428186907 2.29819378919 2.24835617145 0.049837617745 0.101624484882 2183.0 22.5398901416 22.0676068048 0.472283336801 2.29814312149 2.2451142103 0.0530289111898 0.101738001323 2073.0
1.71859296482 22.5527406281 22.1020538986 0.450686729497 2.29819490798 2.24535059982 0.0528443081684 0.101590133212 2053.0 22.5400327969 22.0796903816 0.460342415378 2.29814311763 2.24557770787 0.0525654097684 0.101703315086 2104.0
1.74874371859 22.5528946466 22.1326053115 0.420289335088 2.29819599538 2.24657091123 0.0516250841498 0.101505036556 2171.0 22.5401765195 22.1115064417 0.428670077821 2.29814322041 2.24692720609 0.0512160143216 0.101618006535 2209.0
1.77889447236 22.5530483483 22.123474551 0.429573797364 2.29819705089 2.24668236159 0.0515146893014 0.101551967184 2217.0 22.5403210007 22.1036714454 0.436649555259 2.29814339909 2.24721240674 0.0509309923487 0.101666929509 2227.0
1.80904522613 22.5532017416 22.1367275722 0.416474169423 2.29819807534 2.24927283987 0.0489252354708 0.101608190846 2141.0 22.5404662315 22.0765754897 0.463890741801 2.29814365274 2.24564999259 0.0524936601516 0.101720939176 2235.0
1.8391959799 22.5533548291 22.1147523991 0.438602430023 2.2981990665 2.24738428615 0.0508147803439 0.101623759814 2197.0 22.5406123203 22.087334144 0.453278176332 2.29814398772 2.24709567063 0.0510483170899 0.101736844111 2089.0
1.86934673367 22.5535089803 22.0833783853 0.470130595061 2.29820001791 2.2429240574 0.0552759605079 0.101566165207 2091.0 22.5407616156 22.090323075 0.450438540552 2.29814438471 2.24617081857 0.0519735661366 0.101681211766 2153.0
1.89949748744 22.5537037527 22.1388342431 0.414869509621 2.29820085284 2.24613936024 0.0520614926066 0.101456984391 2203.0 22.5409840647 22.1244236356 0.416560429121 2.2981446918 2.24718398885 0.0509607029462 0.101570283858 2179.0
1.92964824121 22.5545316959 22.1385912015 0.415940494414 2.29820099403 2.24601691775 0.0521840762863 0.101452567478 2115.0 22.542324623 22.1379922735 0.404332349548 2.29814337803 2.24692041659 0.0512229614445 0.101496124347 2181.0
1.95979899497 22.5609345268 22.1417509018 0.419183624942 2.2981965669 2.24581468009 0.0523818868092 0.101428956095 1973.0 22.5535301451 22.1725946806 0.380935464507 2.2981323286 2.24820957197 0.04992275663 0.101395871992 2181.0
1.98994974874 22.5973230209 22.1831726009 0.414150419979 2.2981780323 2.24775641196 0.0504216203414 0.101327093847 2023.0 22.6179007134 22.1764191472 0.441481566235 2.29809027192 2.24472843043 0.0533618414875 0.101221410704 2065.0
2.02010050251 22.7379747533 22.4814531772 0.256521576091 2.29813571528 2.23567408142 0.0624616338514 0.0994452655617 1967.0 22.8683953835 22.7082943333 0.160101050196 2.29799603431 2.22432211169 0.0736739226218 0.0979519676395 1965.0
2.05025125628 23.1267170483 23.0153672681 0.111349780217 2.29807896284 2.22559602046 0.072482942382 0.0967004347369 1836.0 23.5709494003 23.7426769819 0.171727581616 2.29786806678 2.21263053696 0.0852375298205 0.0931921256664 1861.0
2.08040201005 23.9418679299 23.6543385318 0.287529398087 2.29803698521 2.22772211821 0.0703148670028 0.0941781616601 1751.0 25.0913855966 24.6817331084 0.409652488186 2.29776458882 2.19106750917 0.106697079647 0.0887728385826 1599.0
2.11055276382 25.3091660369 24.3254329626 0.9837330743 2.29803933382 2.19631096416 0.101728369661 0.0902886689636 1617.0 27.7891211969 25.964249173 1.82487202386 2.29773635683 2.13172335732 0.166012999511 0.0821022531062 1471.0
2.14070351759 27.2176577519 25.7767102214 1.44094753048 2.29811440452 2.16173897633 0.136375428192 0.0838640368675 1537.0 31.8837209909 28.6438263032 3.23989468769 2.29789929925 2.04875214097 0.249147158283 0.071525086044 1386.0
2.17085427136 29.4865358343 27.6372843718 1.84925146257 2.29818973398 2.14829663728 0.149893096708 0.0777318280761 1557.0 37.2987305432 31.7234056677 5.57532487548 2.29827171607 1.95294905864 0.345322657425 0.0615617717435 1183.0
2.20100502513 31.8097475275 29.7005992187 2.10914830878 2.29811691724 2.13476557202 0.163351345226 0.0718761785342 1446.0 43.5229868013 36.87552166 6.64746514128 2.29806753334 1.93761921257 0.360448320764 0.0525448624277 913.0
2.23115577889 33.8732156443 31.0179272085 2.85528843582 2.29807793563 2.13721458864 0.160863346991 0.0689025599383 1378.0 49.7031299773 39.937888768 9.76524120932 2.29787955038 1.91793775086 0.379941799515 0.0480230129841 833.0
2.26130653266 35.4670370466 32.5064740384 2.96056300813 2.298079304 2.1442687448 0.153810559206 0.0659643596615 1291.0 54.9467898218 42.6556683773 12.2911214445 2.29778485763 1.86238823313 0.4353966245 0.0436609788097 759.0
2.29145728643 36.5388749116 33.7047885006 2.83408641103 2.29810546684 2.12459437095 0.173511095886 0.0630353865272 1281.0 58.7278557129 48.1980688747 10.5297868382 2.29781337782 1.90287463903 0.394938738789 0.0394803087232 749.0
2.3216080402 37.1629690555 34.9643665383 2.19860251719 2.29814031787 2.16258830363 0.135552014246 0.0618512078935 1351.0 61.0318658354 52.0885822252 8.94328361023 2.29790552455 1.97034225727 0.327563267279 0.0378267592071 771.0
2.35175879397 37.4707369006 35.4729647262 1.99777217446 2.29817177647 2.17799410602 0.120177670449 0.0613987052628 1357.0 62.1984790949 53.2185450912 8.9799340037 2.29800955784 1.98018363683 0.31782592101 0.0372085263405 743.0
2.38190954774 37.5921037757 35.9341393872 1.65796438856 2.29819426694 2.19369472823 0.104499538706 0.0610476489946 1322.0 62.6655802647 55.5940566221 7.07152364264 2.29809092797 2.03944447393 0.258646454046 0.0366845774143 714.0
2.41206030151 37.6254438843 35.9600623041 1.66538158023 2.29820657246 2.1870644475 0.111142124962 0.0608192619079 1289.0 62.796109923 55.9121875205 6.88392240253 2.29813722651 2.03293279783 0.265204428678 0.0363593858153 683.0
2.44221105528 37.6297814904 36.1757189255 1.45406256495 2.29818471249 2.19949348014 0.0986912323536 0.060800270056 1309.0 62.8154508062 57.8963448875 4.91910591863 2.29811471221 2.10392941278 0.194185299433 0.0363395896039 779.0
2.47236180905 37.6278722549 36.3558251376 1.27204711724 2.29804131567 2.20733514229 0.0907061733874 0.0607147584721 1377.0 62.8101718164 58.2158241898 4.5943476266 2.29779318603 2.109909004 0.187884182033 0.036242877832 819.0
2.50251256281 37.6228559752 36.2918478193 1.3310081559 2.29822150152 2.20356812987 0.0946533716472 0.0607179921189 1323.0 62.7923535946 57.5810409311 5.21131266349 2.29818994259 2.08734381001 0.210846132583 0.0362505396959 741.0
2.53266331658 37.5810931388 36.3849549015 1.19613823737 2.29822903186 2.22076257075 0.0774664611081 0.061035188219 1355.0 62.6340752615 58.1872312264 4.4468440351 2.29821628305 2.13282065179 0.16539563126 0.0366544447439 763.0
2.56281407035 37.4654701604 36.2365834086 1.22888675175 2.29824032036 2.22097400908 0.0772663112753 0.0612909330893 1295.0 62.1940277977 58.0654039571 4.12862384063 2.29825616215 2.14820089488 0.150055267271 0.0369962275036 787.0
2.59296482412 37.2289081081 36.0152576073 1.21365050087 2.29825211059 2.21435641602 0.0838956945767 0.0614838422139 1199.0 61.2996457296 57.1203097116 4.17933601799 2.29829419384 2.12898308612 0.169311107721 0.0372719107594 707.0
2.62311557789 36.8261415868 35.5899763295 1.23616525737 2.29826215514 2.21978564092 0.078476514224 0.0623710906793 1203.0 59.8006851708 56.2361833788 3.56450179192 2.29831887327 2.16719946725 0.131119406017 0.0385374564389 723.0
2.65326633166 36.2234084662 34.9754052545 1.24800321173 2.29826820857 2.22443878652 0.0738294220498 0.0636000861274 1194.0 57.6148556058 54.2215269492 3.39332865661 2.2983212943 2.18255178104 0.115769513255 0.0402524957124 783.0
2.68341708543 35.4073050937 34.3658569425 1.04144815125 2.29826880284 2.23138745578 0.0668813470614 0.0649303597904 1197.0 54.762170442 52.4584395571 2.30373088499 2.29829659489 2.20929845175 0.0889981431351 0.0421152148331 787.0
2.7135678392 34.3901773403 33.7897161143 0.600461226031 2.29826309063 2.25595201041 0.0423110802202 0.0667644558711 1265.0 51.3718107976 50.0127708438 1.3590399538 2.29825231506 2.23902061246 0.059231702601 0.0447689774968 797.0
2.74371859296 33.2099500183 32.7309907323 0.478959285955 2.29825238957 2.26900477633 0.029247613239 0.0693228260301 1315.0 47.654661263 47.3037338201 0.350927442907 2.29819965936 2.2966551234 0.00154453596085 0.0485512440124 835.0
2.77386934673 31.9239613979 31.6683689886 0.255592409306 2.29823857402 2.27805894898 0.0201796250397 0.0719348366123 1540.0 43.8529529563 43.6055114715 0.247441484746 2.29815019096 2.2906303033 0.00751988766856 0.0525307518705 1012.0
2.8040201005 30.5987747005 30.478186637 0.120588063572 2.29822404259 2.27785180844 0.0203722341505 0.0747371172562 1571.0 40.1883550944 40.2759010294 0.087545934964 2.29811172722 2.28775894077 0.0103527864495 0.0568021790276 1157.0
2.83417085427 29.2991993399 29.3123755686 0.0131762287773 2.29821153014 2.28845622419 0.00975530595584 0.0780713326638 1545.0 36.8271041802 37.0594533142 0.232349133981 2.29808716605 2.29663920436 0.00144796169736 0.0619717507672 1187.0
2.86432160804 28.080092081 28.2311806046 0.151088523647 2.29824715028 2.29766695277 0.000580197517794 0.0813875616803 1644.0 33.8695847591 34.2646519378 0.39506717865 2.29815747303 2.30669584551 0.00853837248998 0.0673199847383 1289.0
2.89447236181 26.97944268 26.9437357503 0.0357069296226 2.29825438087 2.28481341159 0.0134409692839 0.0847994291795 1626.0 31.3535922238 31.7172778256 0.363685601868 2.29825515534 2.31091734532 0.0126621899792 0.0728598891123 1373.0
2.92462311558 26.0201673767 26.0461216597 0.0259542829867 2.29825821217 2.27851706754 0.0197411446303 0.0874800900229 1737.0 29.2715769893 29.5923641351 0.320787145849 2.29825026222 2.28982938377 0.00842087844931 0.0773790621564 1533.0
2.95477386935 25.2102388636 25.3373816372 0.127142773567 2.2982592956 2.28575154217 0.0125077534319 0.0902126184506 1727.0 27.591243633 28.0384348433 0.447191210255 2.29824235095 2.29731115075 0.00093120019786 0.0819343577341 1617.0
2.98492462312 24.5461656052 24.4686756214 0.0774899837439 2.29825819528 2.27661096453 0.0216472307482 0.0930418548088 1849.0 26.264435241 26.4227518565 0.158316615474 2.29823282984 2.29019917412 0.00803365572812 0.0866752708633 1612.0
3.01507537688 24.0165209179 24.0159100859 0.000610832012448 2.29825574649 2.28447940211 0.0137763443877 0.0951235824057 1841.0 25.2380629505 25.2748262047 0.0367632541918 2.29822266691 2.28093269714 0.0172899697723 0.0902452376393 1611.0
3.04522613065 23.6051606031 23.6365457509 0.0313851478951 2.29825253819 2.2809374307 0.01731510749 0.0965004554697 1829.0 24.4599132553 24.6695341519 0.20962089662 2.29821254634 2.28603856883 0.0121739775078 0.0926664668557 1743.0
3.07537688442 23.2938514326 23.3035261728 0.00967474020275 2.29824910454 2.28092556681 0.0173235377328 0.0978789883509 1964.0 23.881846668 23.951657226 0.0698105580536 2.29820300703 2.27849113029 0.0197118767422 0.0951287465742 1843.0
3.10552763819 23.0642321231 22.9182782505 0.145953872626 2.29824583373 2.27423813194 0.0240077017905 0.0992325037284 1915.0 23.4613431747 23.2853266613 0.176016513416 2.29819442477 2.26869127319 0.0295031515835 0.0974300814495 1723.0
3.13567839196 22.8991558688 22.7408640939 0.158291774911 2.2982430048 2.26992019459 0.0283228102065 0.0998167961086 1933.0 23.1620697108 23.0102922143 0.151777496477 2.29818702407 2.26462788081 0.0335591432527 0.0984180409238 1725.0
3.16582914573 22.7835013787 22.6121272333 0.171374145365 2.29824075139 2.26886527266 0.029375478722 0.100338426776 2019.0 22.9538751598 22.9498277037 0.0040474561178 2.29818088529 2.27923196385 0.0189489214468 0.099313685195 1765.0
3.1959798995 22.7045564683 22.4631869916 0.241369476738 2.29823911351 2.26434314874 0.0338959647711 0.100802399481 2073.0 22.8124379856 22.6079970531 0.204440932437 2.29817597734 2.26623576481 0.0319402125344 0.100240448523 1886.0
3.22613065327 22.6520774134 22.4646042619 0.187473151532 2.29823805659 2.26750399038 0.0307340662119 0.100936743151 2247.0 22.7186945473 22.5213120763 0.197382470966 2.29817218282 2.26391527846 0.0342569043647 0.100523240866 1883.0
3.25628140704 22.618124881 22.3776606887 0.240464192272 2.29823750207 2.26448552075 0.0337519813187 0.101194023462 2179.0 22.6581363359 22.4566476942 0.201488641659 2.29816933739 2.26565126962 0.0325180677703 0.100890003729 1979.0
3.2864321608 22.5967667772 22.3333234634 0.263443313806 2.29823734863 2.26386880968 0.0343685389532 0.101367304933 2137.0 22.6200494835 22.3166532743 0.303396209232 2.29816725892 2.25788801019 0.0402792487305 0.101175027565 2013.0
3.31658291457 22.5837233346 22.2883577211 0.295365613509 2.29823751479 2.26178447962 0.0364530351686 0.101478292296 2135.0 22.5967610322 22.3457905634 0.25097046885 2.2981657723 2.26372247203 0.0344433002719 0.101304201595 2077.0
3.34673366834 22.5760090638 22.2805845849 0.295424478855 2.2982378932 2.26030569858 0.0379321946202 0.101447324686 2127.0 22.5829433825 22.2709235013 0.312019881148 2.29816472298 2.25586983238 0.0422948905967 0.10129215487 2153.0
3.37688442211 22.5716094484 22.3050600953 0.266549353134 2.29823841709 2.26209973224 0.0361386848478 0.101416437462 2171.0 22.5750111797 22.2594651377 0.315546042049 2.29816398481 2.25511757586 0.0430464089529 0.101310501484 2161.0
3.40703517588 22.569208735 22.2369961232 0.332212611776 2.29823902631 2.25689502532 0.0413440009844 0.101492801133 2155.0 22.570626621 22.2441519936 0.326474627466 2.2981634622 2.25623682707 0.0419266351261 0.101430561512 2171.0
3.43718592965 22.5679753778 22.213835845 0.354139532777 2.29823967751 2.25560354361 0.0426361339046 0.101540479517 2147.0 22.5683135635 22.2202852497 0.34802831381 2.29816308155 2.25506495627 0.0430981252824 0.101486769001 2091.0
3.46733668342 22.567400521 22.2131101626 0.354290358379 2.29824027849 2.25485488874 0.0433853897528 0.101510093464 2243.0 22.5671702822 22.2384156552 0.328754626984 2.29816279422 2.25624984013 0.0419129540876 0.101457310409 2027.0
3.49748743719 22.5671587254 22.2142115223 0.3529472031 2.29823824636 2.25304730545 0.0451909409107 0.101423690109 2187.0 22.5666644164 22.2952965396 0.27136787673 2.2981625563 2.26013341577 0.0380291405326 0.101372655517 2169.0
3.52763819095 22.5668005991 22.2152783169 0.351522282273 2.29820522926 2.25325293557 0.0449522936866 0.101428075914 2063.0 22.5664890263 22.247747749 0.318741277296 2.2981619513 2.25546873651 0.0426932147854 0.101379643547 2135.0
3.55778894472 22.5669748312 22.1831466898 0.383828141489 2.29821654732 2.2521171289 0.0460994184215 0.101523790128 2057.0 22.5660761887 22.2162282673 0.349847921386 2.29811999107 2.25442485974 0.0436951313209 0.101476489736 2135.0
3.58793969849 22.5672192526 22.1805995376 0.386619715008 2.29823052475 2.25219970964 0.0460308151112 0.101539171916 2105.0 22.5663563516 22.2077238496 0.358632502016 2.29814037742 2.25393004015 0.044210337272 0.101493068602 2071.0
3.61809045226 22.5674209398 22.1693507318 0.398070208028 2.29823801113 2.25040408814 0.0478339229835 0.101509697572 2187.0 22.5665913266 22.1414670645 0.425124262139 2.29815241386 2.24660002767 0.0515523861927 0.101465725877 2068.0
3.64824120603 22.5675942745 22.1804780951 0.38711617946 2.29824167329 2.24979658438 0.0484450889022 0.101431383703 2179.0 22.5667784169 22.1339464218 0.432831995069 2.29815791353 2.2441635233 0.0539943902254 0.101390121786 2233.0
3.6783919598 22.5677531786 22.1704774134 0.397275765263 2.29824347979 2.24937495341 0.0488685263832 0.101458119799 2205.0 22.5669408433 22.1667742048 0.400166638464 2.29816021705 2.24800200526 0.050158211798 0.101413132307 2145.0
3.70854271357 22.5679051374 22.168053978 0.399851159365 2.2982444294 2.25047357672 0.0477708526773 0.101518770162 2079.0 22.5670918478 22.1375986396 0.429493208165 2.29816109242 2.24648100541 0.0516800870108 0.101478079984 2149.0
3.73869346734 22.5680538467 22.166334217 0.401719629728 2.29824499376 2.25079448003 0.0474505137222 0.101541123489 2101.0 22.5672379693 22.0583520995 0.50888586974 2.29816137457 2.23894674319 0.0592146313742 0.101501088254 2125.0
3.76884422111 22.5682010061 22.1525283684 0.415672637732 2.29824538172 2.24829268872 0.0499526930011 0.101491470921 2123.0 22.567382211 22.0729795847 0.494402626274 2.29816143288 2.23940530761 0.058756125275 0.101454599684 2149.0
3.79899497487 22.5683473377 22.1771681877 0.391179149932 2.29824567931 2.24848685808 0.0497588212244 0.101387464759 2091.0 22.5675257829 22.124531963 0.442993819957 2.29816141298 2.2423142181 0.0558471948871 0.101349679254 2183.0
3.82914572864 22.5684931279 22.1450491963 0.423443931617 2.29824591965 2.2467948549 0.0514510647526 0.101458110794 2247.0 22.5676692416 22.0966089716 0.471060270077 2.2981613786 2.24101547927 0.057145899323 0.1014189771 2133.0
3.85929648241 22.5686384766 22.1335900689 0.435048407648 2.29824611403 2.24727703594 0.0509690780935 0.101532423296 2229.0 22.5678127234 22.0832049953 0.484607728147 2.29816134577 2.24136543259 0.0567959131707 0.101496383024 2139.0
3.88944723618 22.5687834199 22.1265255989 0.44225782097 2.29824626642 2.24655129646 0.0516949699642 0.101532040646 2161.0 22.5679562918 22.0347072969 0.533248994917 2.29816132161 2.23647394659 0.0616873750176 0.101497783313 2175.0
3.91959798995 22.568927976 22.1177035365 0.451224439559 2.29824637869 2.24469065336 0.0535557253294 0.101488414005 2149.0 22.5680999742 22.0523149965 0.515784977747 2.29816130915 2.23729479687 0.0608665122827 0.101453965138 2183.0
3.94974874372 22.5690721488 22.1416921586 0.427379990177 2.29824645119 2.24505788472 0.053188566475 0.101395045538 2161.0 22.5682437249 21.9889279016 0.579315823225 2.29816130377 2.22886606685 0.069295236919 0.101363107688 2253.0
3.97989949749 22.56921594 22.1299533534 0.43926258663 2.29824648402 2.24575495273 0.0524915312943 0.101480329256 2117.0 22.5683875503 22.0368439229 0.531543627358 2.29816130622 2.23555418253 0.0626071236882 0.101446204835 2151.0
4.01005025126 22.5693593335 22.1132308206 0.45612851284 2.29824647546 2.24510611828 0.0531403571847 0.101527729552 2105.0 22.5685314477 21.9793864298 0.589145017933 2.29816131633 2.23083673819 0.0673245781451 0.101496770409 2091.0
4.04020100503 22.5695023908 22.1079098182 0.461592572613 2.29824643191 2.24469735244 0.0535490794665 0.101533675997 2129.0 22.5686753837 22.0055922349 0.563083148728 2.29816133077 2.23364994433 0.0645113864379 0.101503741435 1989.0
4.07035175879 22.569645119 22.1054450144 0.464200104564 2.29824635398 2.24298047612 0.0552658778654 0.10146732964 2153.0 22.5688193337 22.0445093027 0.524310031043 2.29816134712 2.23621497153 0.0619463755899 0.10144090489 2093.0
4.10050251256 22.5697875368 22.120940854 0.44884668283 2.29824624356 2.24241723798 0.0558290055807 0.101370789461 2169.0 22.568963279 21.9777804245 0.591182854555 2.29816136354 2.22728420577 0.0708771577767 0.101342545187 2101.0
4.13065326633 22.569929665 22.109510748 0.460418916981 2.29824610273 2.24360654003 0.0546395627021 0.101476987238 2115.0 22.5691072041 21.9616293045 0.607477899614 2.29816137853 2.22799754404 0.0701638344964 0.101449556094 2179.0
4.1608040201 22.5700715257 22.098261627 0.471809898706 2.29824593372 2.24376250289 0.0544834308335 0.101535701802 2113.0 22.5692510975 21.9600720646 0.609179032897 2.29816139099 2.22914674685 0.0690146441401 0.101509081586 2145.0
4.19095477387 22.5702131431 22.0876961977 0.482516945457 2.29824573899 2.24231412667 0.0559316123276 0.101518696499 2055.0 22.5693949465 21.9280215256 0.641373420914 2.29816139968 2.22553821513 0.0726231845507 0.101492887196 2067.0
4.22110552764 22.570354542 22.0918469944 0.47850754762 2.29824552102 2.24154450642 0.056701014608 0.10146478504 2117.0 22.56953872 21.9623396908 0.60719902919 2.29816140151 2.22785474552 0.0703066559887 0.101439772669 2087.0
4.25125628141 22.5704957464 22.1008420452 0.469653701199 2.29824528224 2.2412701813 0.056975100943 0.101411076407 2069.0 22.5696823801 21.9393911425 0.630291237595 2.29816139265 2.22436569775 0.0737956949026 0.101386847215 2155.0
4.28140703518 22.570636779 22.0670955093 0.503541269646 2.29824502494 2.2397479345 0.0584970904429 0.101497178618 2060.0 22.5698258874 21.8920024118 0.677823475573 2.29816136912 2.22146208303 0.076699286085 0.101473681632 2116.0
4.31155778894 22.5707776598 22.0876464399 0.483131219953 2.29824475115 2.24256478139 0.0556799697619 0.101530273381 2077.0 22.5699692241 21.9005574503 0.669411773749 2.29816132911 2.22307085335 0.0750904757618 0.10150750082 2193.0
4.34170854271 22.5709184099 22.0733437849 0.49757462498 2.29824446302 2.24090903205 0.0573354309776 0.101521049728 2091.0 22.5701123773 21.8847361028 0.685376274455 2.29816127132 2.22127869585 0.0768825754694 0.101498993884 2125.0
4.37185929648 22.5710590518 22.1017296773 0.469329374504 2.29824416283 2.24177666805 0.0564674947738 0.101429919775 2167.0 22.570255323 21.9215794911 0.648675831851 2.29816119336 2.22303631462 0.0751248787429 0.101408583059 2201.0
4.40201005025 22.5711996061 22.090008402 0.481191204063 2.29824385266 2.24001264357 0.0582312090858 0.101403883729 2129.0 22.5703980172 21.8743428806 0.696055136626 2.29816109086 2.21769163833 0.0804694525329 0.101383234707 2189.0
4.43216080402 22.5713400943 22.0914303743 0.479909719905 2.29824353468 2.24215484938 0.0560886852965 0.101494326596 2109.0 22.5705404398 21.8928276227 0.677712817034 2.29816096182 2.22155983403 0.0766011277854 0.101474321742 2083.0
4.46231155779 22.5714805386 22.0719588992 0.499521639417 2.29824321115 2.24102150736 0.0572217037931 0.101532515423 2083.0 22.570682617 21.8925453387 0.678137278297 2.29816080885 2.22238133924 0.0757794696077 0.101513154585 2135.0
4.49246231156 22.5716209621 22.0710049768 0.500615985275 2.29824288441 2.24019111118 0.0580517732268 0.101499279871 2143.0 22.5708245734 21.8746942762 0.696130297242 2.29816063435 2.21985625005 0.078304384301 0.101480561146 2277.0
4.52261306533 22.5717613856 22.0998991813 0.471862204315 2.29824255659 2.24166756782 0.0565749887668 0.101433384353 2193.0 22.5709662824 21.8878728298 0.683093452676 2.2981604357 2.21976513092 0.0783953047774 0.101415297329 2141.0
4.5527638191 22.571901828 22.0900882486 0.481813579342 2.29824222962 2.24079999117 0.0574422384493 0.101439159769 2177.0 22.571107694 21.883212694 0.687894999958 2.29816020789 2.21943217331 0.0787280345864 0.101421678998 2163.0
4.58291457286 22.5720423113 22.0734996782 0.498542633097 2.29824190578 2.24065073753 0.0575911682595 0.101508631173 2005.0 22.5712487796 21.8699933646 0.701255414966 2.29815994808 2.21962344117 0.0785365069078 0.101491729063 2235.0
4.61306532663 22.5721828579 22.0735559289 0.498626929075 2.29824158739 2.24107902008 0.057162567305 0.101527775013 2057.0 22.5713895316 21.8790863084 0.692303223146 2.29815965547 2.22097774533 0.0771819101377 0.101511448605 2183.0
4.6432160804 22.5723234881 22.084985613 0.48733787508 2.2982412765 2.24168233496 0.0565589415417 0.101502549028 2145.0 22.5715299462 21.8273164285 0.744213517652 2.29815932965 2.21518433203 0.0829749976223 0.101486792446 2275.0
4.67336683417 22.5724642197 22.0721314076 0.500332812025 2.29824097497 2.23796200057 0.0602789744025 0.101393107863 2123.0 22.5716700208 21.8518081236 0.719861897121 2.29815897031 2.21529085731 0.0828681130038 0.101377920068 2263.0
4.70351758794 22.572605071 22.0607358577 0.511869213317 2.29824068471 2.23765394509 0.0605867396103 0.101431518855 2171.0 22.5718097567 21.8575558654 0.714253891282 2.29815857754 2.21672480445 0.0814337730869 0.10141686555 2151.0
4.73366834171 22.5727460613 22.0606832886 0.512062772661 2.29824040769 2.23929448897 0.0589459187153 0.101506125611 2173.0 22.5719491585 21.8140589457 0.757890212844 2.29815815172 2.21395216427 0.0842059874544 0.101491985961 2191.0
4.76381909548 22.5728872082 22.0686087816 0.504278426535 2.29824014576 2.24049213602 0.0577480097462 0.101523941005 2191.0 22.5720882321 21.8250793753 0.747008856793 2.29815769341 2.21547070077 0.0826869926343 0.101510315847 2203.0
4.79396984925 22.573028526 22.0787492937 0.494279232351 2.29823990045 2.24042677203 0.0578131284189 0.10147435175 2109.0 22.5722269828 21.8162693564 0.755957626453 2.29815720307 2.21350565751 0.0846515455671 0.10146123617 2233.0
4.82412060302 22.573170027 22.0760729997 0.497097027335 2.29823967302 2.23845278634 0.0597868866876 0.10139723611 2145.0 22.5723654152 21.8179039551 0.754461460057 2.29815668112 2.21199987282 0.0861568083011 0.101384618677 2175.0
4.85427135678 22.5733117218 22.0515281549 0.521783566892 2.29823946462 2.23738806154 0.0608514030791 0.101461814611 2077.0 22.5725035339 21.7946450575 0.7778584764 2.29815612799 2.2110596986 0.0870964293889 0.101449676871 2189.0
4.88442211055 22.5734536186 22.0434594337 0.529994184868 2.29823927609 2.23774068262 0.0604985934736 0.101514950017 2091.0 22.5726413455 21.7917682502 0.780873095213 2.29815554427 2.21193574768 0.0862197965967 0.101503270514 2183.0
4.91457286432 22.5735957212 22.0569776859 0.516618035315 2.29823910787 2.23922441502 0.0590146928557 0.101520001829 2081.0 22.5727788582 21.7845806551 0.788198203168 2.29815493078 2.21132623742 0.0868286933602 0.101508781483 2131.0
4.94472361809 22.5737380287 22.0618526256 0.511885403089 2.29823895988 2.23880900916 0.059429950719 0.10147874012 2183.0 22.572916082 21.778080028 0.794836053944 2.29815428846 2.20977768153 0.088376606925 0.101467975078 2129.0
4.97487437186 22.5738805418 22.0873123658 0.486568175926 2.29823883221 2.2390051987 0.059233633507 0.101370649431 2215.0 22.5730530286 21.8211132426 0.751939786043 2.29815361846 2.2117953415 0.086358276957 0.101360334687 2145.0
5.00502512563 22.57402327 22.0665241543 0.507499115755 2.29823872587 2.23874293616 0.0594957897044 0.101454262598 2137.0 22.5731897143 21.7890151852 0.784174529121 2.29815292237 2.21037289695 0.0877800254254 0.101444369016 2097.0
5.0351758794 22.5741662145 22.05965613 0.514510084504 2.29823864098 2.23934268757 0.0588959534094 0.101513036938 2079.0 22.5733261603 21.8008135524 0.772512607912 2.29815220228 2.21286014288 0.0852920594052 0.101503558001 2119.0
5.06532663317 22.574309353 22.0368063452 0.537503007786 2.29823857536 2.23697806034 0.061260515017 0.101510991443 2061.0 22.5734623917 21.7723351092 0.801127282449 2.29815146066 2.20993383432 0.0882176263453 0.10150192082 2159.0
5.09547738693 22.5744526698 22.0594532558 0.514999413966 2.29823852747 2.23781999079 0.060418536676 0.101444943573 2059.0 22.5735984354 21.7834739048 0.790124530623 2.29815070018 2.20963459639 0.0885161037942 0.101436281745 2173.0
5.1256281407 22.5745961746 22.0618520528 0.512744121823 2.29823849828 2.23617816665 0.0620603316256 0.101359494266 2257.0 22.5737343182 21.8012223675 0.772511950665 2.29814992349 2.20958069515 0.0885692283421 0.101351229665 2227.0
5.15577889447 22.5747398711 22.0627249755 0.512014895574 2.29823848817 2.2388944348 0.0593440533677 0.101478599642 2173.0 22.5738700658 21.7849868511 0.788883214784 2.29814913313 2.2105380936 0.0876110395324 0.101470710481 2071.0
5.18592964824 22.5748837655 22.047854555 0.527029210504 2.29823849773 2.23820748881 0.0600310089111 0.101515885967 2115.0 22.5740057052 21.7676280279 0.806377677332 2.29814833179 2.20959644016 0.0885518916309 0.101508370013 2013.0
5.21608040201 22.575027805 22.0407018105 0.534325994569 2.29823852165 2.2372624933 0.0609760283578 0.101505955325 2081.0 22.5741412674 21.7598796935 0.814261573938 2.29814752256 2.2086017727 0.0895457498601 0.101498804397 2065.0
5.24623115578 22.5751720197 22.055614385 0.519557634728 2.29823856293 2.23746082685 0.0607777360775 0.101446316017 2127.0 22.57427679 21.7609657684 0.813311021677 2.29814670921 2.20742217571 0.0907245334932 0.101439531646 2223.0
5.27638190955 22.5753163534 22.0655334777 0.509782875705 2.29823861594 2.23740161889 0.060836997054 0.101398029699 2105.0 22.5744123111 21.7699127083 0.804499602803 2.29814589552 2.20728624111 0.0908596544058 0.101391598152 2187.0
5.30653266332 22.5754608223 22.0405393424 0.53492147991 2.29823868231 2.23649161811 0.0617470641999 0.101471728226 2053.0 22.5745478601 21.7621952543 0.812352605844 2.29814508447 2.20811492841 0.0900301560646 0.101465633527 2045.0
5.33668341709 22.5756053997 22.0415047294 0.534100670236 2.29823875933 2.23753734466 0.0607014146679 0.101514727426 2039.0 22.5746834703 21.7408407034 0.833842766867 2.29814427939 2.20689027282 0.0912540065683 0.1015089666 2163.0
5.36683417085 22.5757500735 22.0550704482 0.520679625274 2.29823884579 2.23842903209 0.0598098136963 0.101492717394 2045.0 22.5748191735 21.7171554274 0.857663746078 2.29814348349 2.20401512386 0.0941283596369 0.101487284153 2197.0
5.39698492462 22.5758948294 22.0595748973 0.516319932154 2.29823894024 2.23705728153 0.0611816587146 0.101409809207 2093.0 22.5749549999 21.7518728677 0.823082132218 2.2981426998 2.20574228058 0.0924004192228 0.101404706344 2245.0
5.42713567839 22.5760396528 22.0571368887 0.518902764121 2.29823904119 2.23632188731 0.061917153886 0.101387677766 2157.0 22.5750909776 21.7636324212 0.81145855638 2.29814193114 2.20645980461 0.0916821265359 0.101382883238 2267.0
5.45728643216 22.5761845317 22.0441070696 0.532077462123 2.29823914741 2.23727636668 0.0609627807333 0.101490904559 2187.0 22.5752271361 21.7522664533 0.822960682789 2.29814118047 2.20755954769 0.0905816327843 0.101486415332 2135.0
5.48743718593 22.5763294524 22.0245330505 0.551796401944 2.29823925753 2.23575409969 0.062485157839 0.101511986409 2071.0 22.5753635049 21.7393539393 0.836009565578 2.29814045076 2.20671391218 0.0914265385805 0.101507796337 2061.0
5.5175879397 22.576474394 22.0303434188 0.546130975201 2.29823936942 2.23582407037 0.0624152990526 0.101488389349 2125.0 22.575500113 21.7402387063 0.835261406775 2.29813974493 2.20629710157 0.0918426433597 0.101484492943 2037.0
5.54773869347 22.576619336 22.0600615765 0.516557759496 2.29823948104 2.23721774404 0.0610217370025 0.101414845842 2215.0 22.5756369873 21.7346862513 0.840950735955 2.29813906568 2.20414158776 0.0939974779195 0.101411244785 2213.0
5.57788944724 22.5767642667 22.0590934232 0.517670843547 2.2982395912 2.23719819102 0.0610414001826 0.101418410453 2219.0 22.5757741534 21.7429326727 0.832841480732 2.29813841561 2.20506139025 0.0930770253671 0.101415086154 2193.0
5.60804020101 22.5769091775 22.0417864511 0.535122726406 2.29823969902 2.23689020284 0.0613494961799 0.101484070168 2153.0 22.5759116375 21.7099530884 0.865958549143 2.29813779736 2.2031481906 0.0949896067606 0.101481020324 2141.0
5.63819095477 22.5770540639 22.0227194901 0.554334573741 2.29823980404 2.23555917701 0.0626806270267 0.101511494891 2167.0 22.5760494649 21.7057065789 0.870342885942 2.29813721347 2.20331826832 0.0948189451477 0.101508709717 2181.0
5.66834170854 22.5771989182 22.0430742523 0.534124665925 2.29823990547 2.23669142627 0.0615484792091 0.10146912362 2199.0 22.5761876597 21.7414072621 0.834780397584 2.29813666641 2.20602680998 0.0921098564225 0.10146660625 2227.0
5.69849246231 22.5773437267 22.0556006654 0.521743061293 2.29824000194 2.23576542257 0.0624745793698 0.101369509563 2297.0 22.5763262451 21.7380195623 0.838306682817 2.29813615851 2.20352329534 0.0946128631679 0.101367251466 2151.0
5.72864321608 22.5774884732 22.0522348164 0.525253656742 2.2982400918 2.23645912671 0.0617809650841 0.101416438984 2219.0 22.576465242 21.7400424673 0.836422774729 2.2981356919 2.20475412066 0.0933815712429 0.10141443486 2203.0
5.75879396985 22.5776331447 22.0377881092 0.5398450355 2.29824017375 2.23679418503 0.0614459887218 0.101498125581 2147.0 22.5766046692 21.7125646503 0.864040018936 2.29813526851 2.20374633259 0.0943889359184 0.101496362502 2291.0
5.78894472362 22.5777777342 22.0245242979 0.553253436294 2.29824024709 2.23555600101 0.0626842460723 0.101503032291 2113.0 22.5767445447 21.6948494588 0.881895085978 2.29813489018 2.20205998829 0.0960749018904 0.101501510415 2151.0
5.81909547739 22.5779222393 22.0369688127 0.540953426569 2.29824031154 2.2360114727 0.0622288388442 0.101466380957 2203.0 22.5768848859 21.7035885748 0.873296311112 2.29813455869 2.20215669671 0.0959778619811 0.101465095927 2145.0
5.84924623116 22.5780666587 22.0527732055 0.52529345322 2.29824036699 2.23562647789 0.0626138890952 0.101376205934 2129.0 22.5770257087 21.7209411511 0.856084557553 2.29813427569 2.20196368665 0.0961705890383 0.101375150889 2131.0
5.87939698492 22.578210989 22.0419241847 0.536286804336 2.29824041306 2.23593334024 0.0623070728194 0.101440024996 2073.0 22.5771670265 21.6974534203 0.8797136062 2.29813404255 2.20097225308 0.0971617894648 0.101439197054 2127.0
5.90954773869 22.578355213 22.0305939883 0.547761224738 2.29824044804 2.23591745745 0.0623229905978 0.101491474022 2077.0 22.577308841 21.6888151882 0.888493652808 2.29813385951 2.2012166965 0.0969171630058 0.101490868791 2027.0
5.93969849246 22.5784990041 22.0433046395 0.535194364573 2.29824043893 2.23746848978 0.0607719491492 0.101503314787 2123.0 22.5774508239 21.6798948004 0.897556023599 2.29813369354 2.20057271986 0.0975609736842 0.101502924259 1999.0
5.96984924623 22.5786317655 22.0615862207 0.517045544794 2.2982393176 2.23790400125 0.0603353163508 0.10143894364 2537.0 22.5775824316 21.7114647211 0.866117710444 2.29813248171 2.20238428204 0.0957481996665 0.101438770269 2419.0
6.0 22.5771209117 22.32181316 0.255307751753 2.29807462553 2.26174499005 0.0363296354775 0.101324429778 876.0 22.5760739847 21.9327088308 0.643365153874 2.29796805453 2.22231921571 0.0756488388165 0.101324429775 876.0
