z u1d77 u3d77 err77 u1d60 u3d60 err60
0 22.38936289 18.89906741 3.490295476 22.30764914 18.89906731 3.408581828
0.03015075377 22.38954355 16.16238937 6.227154186 22.30782753 15.61110878 6.69671875
0.06030150754 22.38992783 12.14276923 10.2471586 22.30820692 12.2749301 10.03327683
0.09045226131 22.39031345 16.92880569 5.461507763 22.30858764 16.04470318 6.263884459
0.1206030151 22.3906991 16.79988537 5.590813731 22.30896838 17.00036275 5.308605631
0.1507537688 22.39108478 16.66731342 5.723771354 22.30934915 15.96383119 6.345517955
0.1809045226 22.39147047 17.54059207 4.850878402 22.30972994 16.44758692 5.862143014
0.2110552764 22.39185619 12.1087911 10.28306509 22.31011075 13.36625818 8.943852565
0.2412060302 22.39224193 17.61423699 4.778004939 22.31049158 17.05661152 5.253880058
0.2713567839 22.3926277 16.49196534 5.900662354 22.31087244 16.96684407 5.344028363
0.3015075377 22.39301348 17.60987595 4.783137532 22.31125332 17.91841345 4.392839863
0.3316582915 22.3933993 16.55956909 5.833830202 22.31163422 16.91645226 5.395181961
0.3618090452 22.39378513 12.85707916 9.536705969 22.31201514 12.97705024 9.334964903
0.391959799 22.39417099 16.906743 5.487427988 22.31239609 17.31218449 5.000211596
0.4221105528 22.39455687 17.95021982 4.44433705 22.31277706 16.96699193 5.345785134
0.4522613065 22.39494278 16.50376121 5.891181569 22.31315805 16.75182306 5.561334998
0.4824120603 22.3953287 17.56030254 4.835026165 22.31353907 17.82557971 4.487959362
0.5125628141 22.39571466 13.05250668 9.343207978 22.31392011 13.05133054 9.262589572
0.5427135678 22.39610063 16.79234178 5.603758852 22.31430117 16.96096015 5.353341015
0.5728643216 22.39648663 17.12741099 5.269075641 22.31468225 16.64000297 5.674679281
0.6030150754 22.39687265 17.25364924 5.143223408 22.31506336 17.92441538 4.390647976
0.6331658291 22.39725869 17.1695589 5.227699798 22.31544449 17.03238885 5.283055644
0.6633165829 22.39764476 12.33371024 10.06393452 22.31582564 12.6933706 9.622455039
0.6934673367 22.39803085 17.53221537 4.865815483 22.31620682 17.05893585 5.257270966
0.7236180905 22.39841697 17.10842147 5.289995495 22.31658802 16.88934204 5.427245975
0.7537688442 22.39880311 17.20964133 5.189161776 22.31696924 17.33409369 4.982875542
0.783919598 22.39918927 17.97356265 4.425626617 22.31735048 17.6441942 4.67315628
0.8140703518 22.39957545 12.27957094 10.12000451 22.31773175 13.59966086 8.718070884
0.8442211055 22.39996166 16.96079414 5.439167518 22.31811304 16.90332652 5.414786518
0.8743718593 22.40034789 17.12594891 5.274398981 22.31849435 16.7171419 5.601352447
0.9045226131 22.40073414 17.38741333 5.013320812 22.31887568 17.87023273 4.448642954
0.9346733668 22.40112042 17.0555814 5.345539019 22.31925704 17.09156565 5.227691392
0.9648241206 22.40150672 13.03735209 9.364154629 22.31963842 12.70540411 9.614234308
0.9949748744 22.40189305 17.38413573 5.017757319 22.32001982 17.6894373 4.630582527
1.025125628 22.40227939 17.32102559 5.081253802 22.32040125 16.81093657 5.509464684
1.055276382 22.40266577 17.1391459 5.263519867 22.3207827 16.62729665 5.693486048
1.085427136 22.40305216 12.94758946 9.455462701 22.32116417 13.089061 9.232103168
1.115577889 22.40343858 17.38210469 5.021333891 22.32154567 18.47830438 3.843241285
1.145728643 22.40382502 17.29203356 5.111791459 22.32192718 16.73835013 5.583577055
1.175879397 22.40421148 16.74746881 5.656742675 22.32230872 17.40423979 4.918068938
1.206030151 22.40459797 18.00854514 4.396052826 22.32269029 16.9074742 5.415216084
1.236180905 22.40498448 12.4874958 9.917488683 22.32307187 12.61417265 9.708899222
1.266331658 22.40537102 17.07511721 5.330253803 22.32345348 17.64641493 4.677038554
1.296482412 22.40575757 17.52662818 4.879129391 22.32383511 16.67911821 5.644716905
1.326633166 22.40614415 16.97269607 5.433448086 22.32421677 16.83202801 5.492188757
1.35678392 22.40653076 17.53587712 4.87065364 22.32459844 17.74198403 4.582614417
1.386934673 22.40691739 12.7264599 9.680457485 22.32498014 12.7261754 9.598804748
1.417085427 22.40730404 17.5260131 4.881290941 22.32536187 17.13423821 5.191123657
1.447236181 22.40769071 16.61635075 5.791339959 22.32574361 16.96001046 5.365733156
1.477386935 22.40807741 17.88548088 4.52259653 22.32612538 17.01342424 5.312701144
1.507537688 22.40846413 16.64069342 5.767770712 22.32650717 16.49715772 5.829349459
1.537688442 22.40885088 12.53572305 9.873127826 22.32688899 12.92626368 9.400625305
1.567839196 22.40923764 16.84849205 5.560745592 22.32727083 17.56986341 4.757407416
1.59798995 22.40962444 17.70122127 4.708403163 22.32765269 18.1443222 4.183330488
1.628140704 22.41001125 17.05842815 5.351583104 22.32803457 17.14284224 5.185192328
1.658291457 22.41039809 17.59686591 4.813532178 22.32841648 17.60502406 4.723392414
1.688442211 22.41078495 13.58412007 8.826664879 22.3287984 13.09541176 9.233386641
1.718592965 22.41117183 16.88448309 5.526688747 22.32918036 18.10224363 4.226936728
1.748743719 22.41155874 17.75941267 4.652146068 22.32956233 16.76206916 5.56749317
1.778894472 22.41194567 17.74051231 4.671433368 22.32994433 16.85291746 5.477026868
1.809045226 22.41233262 17.09508862 5.317244002 22.33032633 17.62426441 4.706061914
1.83919598 22.41271833 13.14849822 9.264220105 22.33070617 13.28032911 9.050377057
1.869346734 22.41304365 17.15063201 5.262411639 22.33098104 16.79548093 5.535500107
1.899497487 22.41195207 17.80267276 4.609279308 22.32879365 17.75814899 4.570644663
1.929648241 22.39343895 17.24286058 5.150578372 22.2963299 17.73084084 4.565489057
1.959798995 22.25555841 12.44164621 9.813912201 22.05638251 12.55918183 9.497200682
1.989949749 21.63955064 16.58107885 5.05847179 20.98488551 16.3202257 4.664659811
2.020100503 19.8739369 16.61485298 3.259083922 17.9109737 17.34376507 0.5672086302
2.050251256 16.49121228 17.56036235 1.069150066 12.00918321 16.9372693 4.928086091
2.08040201 12.09801703 18.03372743 5.935710401 4.316745854 17.38473768 13.06799182
2.110552764 8.461934706 11.65767506 3.195740351 -2.149714316 13.26007211 15.40978643
2.140703518 7.417861895 17.19396994 9.776108044 -4.080028072 12.91487644 16.99490451
2.170854271 9.675023568 19.83435272 10.15932915 0.632108355 21.23714846 20.6050401
2.201005025 14.56164132 22.83785951 8.276218195 10.67260872 22.82424919 12.15164047
2.231155779 20.63078042 20.76527018 0.1344897652 23.45242351 23.92446698 0.472043468
2.261306533 26.46093255 17.30785862 9.153073925 36.20335528 19.20148949 17.00186579
2.291457286 31.15200307 24.02868241 7.123320655 46.77490082 29.94965707 16.82524374
2.32160804 34.40845973 26.71479346 7.693666274 54.24334428 32.30216542 21.94117885
2.351758794 36.36399727 25.32974942 11.03424785 58.75562971 30.46805193 28.28757778
2.381909548 37.35100668 26.31649784 11.03450884 61.02663181 37.74162689 23.28500492
2.412060302 37.73147469 18.24594784 19.48552685 61.90012787 23.51314666 38.3869812
2.442211055 37.81441191 26.20173306 11.61267885 62.09919288 38.91274683 23.18644605
2.472361809 37.83089273 26.0126785 11.81821423 62.14249227 36.84052947 25.3019628
2.502512563 37.93688936 26.7435174 11.19337196 62.34889183 37.31985739 25.02903444
2.532663317 38.22352085 26.95036101 11.27315984 62.86781483 37.81669462 25.05112021
2.56281407 38.72560449 17.08776211 21.63784239 63.70847039 27.14798978 36.56048061
2.592964824 39.42695118 22.92412677 16.50282442 64.76485394 34.73448523 30.03036871
2.623115578 40.26472433 23.85341982 16.41130452 65.84341453 32.48174004 33.3616745
2.653266332 41.13644344 23.20942022 17.92702322 66.69996339 32.54759627 34.15236712
2.683417085 41.9124855 21.28081091 20.63167459 67.08550678 32.85362274 34.23188404
2.713567839 42.45470752 16.19303604 26.26167148 66.79255108 19.31290626 47.47964482
2.743718593 42.6389204 21.9059927 20.7329277 65.69025115 30.3949739 35.29527725
2.773869347 42.37662063 22.93707151 19.43954912 63.741016 24.57217923 39.16883676
2.804020101 41.63073949 21.02645943 20.60428006 60.9988515 28.81365532 32.18519618
2.834170854 40.42154583 18.16043124 22.26111458 57.59466274 21.67923341 35.91542933
2.864321608 38.82161359 15.6208151 23.20079849 53.71406495 17.86526209 35.84880287
2.894472362 36.94174575 19.86820155 17.0735442 49.57165085 22.71164062 26.86001023
2.924623116 34.91182426 17.02467067 17.88715359 45.38482175 19.09102513 26.29379661
2.954773869 32.86118247 19.19518097 13.6660015 41.35035642 20.95977395 20.39058247
2.984924623 30.90237054 16.52546917 14.37690137 37.62670525 18.34016968 19.28653557
3.015075377 29.12063235 13.06082092 16.05981143 34.32393898 12.98726975 21.33666924
3.045226131 27.56968021 16.61768557 10.95199464 31.50165859 16.43302784 15.06863075
3.075376884 26.27294374 15.96935388 10.30358986 29.1736442 15.17421124 13.99943296
3.105527638 25.22863963 16.93590864 8.292730991 27.31705713 15.77190377 11.54515337
3.135678392 24.4167749 11.63111331 12.7856616 25.88373648 12.49935838 13.3843781
3.165829146 23.8064212 17.53194636 6.274474836 24.81142248 11.72533048 13.086092
3.195979899 23.36208004 17.37976246 5.982317575 24.03336205 15.06148016 8.971881886
3.226130653 23.04850853 16.96214447 6.086364062 23.48547508 17.92212507 5.563350012
3.256281407 22.83385246 17.92936747 4.904484997 23.11090585 14.65195139 8.458954459
3.286432161 22.69126574 13.30319324 9.388072499 22.86224848 13.12441312 9.737835365
3.316582915 22.59936871 18.29472741 4.304641304 22.70198849 18.19090631 4.511082171
3.346733668 22.54193965 16.43539442 6.106545232 22.60176875 17.35038598 5.251382762
3.376884422 22.50718893 19.02400099 3.483187944 22.54102564 16.93809434 5.602931302
3.407035176 22.48688025 17.17841163 5.308468621 22.50541186 17.88653363 4.618878227
3.43718593 22.47547057 13.04678311 9.428687457 22.48527883 12.72891643 9.756362397
3.467336683 22.46936217 17.31301271 5.156349465 22.47436675 17.02673003 5.447636722
3.497487437 22.46630262 17.49823324 4.968069374 22.46875737 19.39734483 3.071412544
3.527638191 22.46493248 16.67526845 5.789664028 22.46608619 16.77738623 5.688699956
3.557788945 22.46446199 17.79315346 4.671308529 22.46497963 18.01471124 4.450268389
3.587939698 22.46445046 12.86123833 9.603212135 22.46467125 13.69220723 8.77246402
3.618090452 22.46466242 18.16437963 4.300282788 22.46475152 17.40020097 5.064550545
3.648241206 22.46497779 16.86288884 5.60208895 22.46501163 17.1284848 5.336526823
3.67839196 22.46533843 17.86969301 4.595645419 22.46535044 19.17003672 3.295313716
3.708542714 22.46571771 17.51921239 4.946505327 22.46572166 16.97521282 5.490508842
3.738693467 22.46610418 13.06396407 9.402140108 22.46610536 12.06562614 10.40047921
3.768844221 22.46649323 17.74471552 4.721777714 22.46649353 17.73330113 4.733192402
3.798994975 22.46688315 18.33289309 4.133990062 22.46688319 17.69346203 4.773421163
3.829145729 22.46727335 16.75604063 5.711232715 22.46727332 16.14841452 6.318858798
3.859296482 22.46766363 15.10025899 7.36740464 22.46766359 15.74618922 6.721474371
3.889447236 22.46805396 15.41679188 7.051262086 22.46805392 14.92355468 7.544499241
3.91959799 22.46844432 16.54860244 5.919841876 22.46844427 18.04340009 4.425044185
3.949748744 22.4688347 17.45512364 5.01371106 22.46883466 17.1650895 5.30374516
3.979899497 22.46922511 17.25803741 5.211187698 22.46922506 17.70512602 4.764099044
4.010050251 22.46961554 16.83557432 5.634041219 22.46961549 15.85667554 6.612939945
4.040201005 22.47000599 13.97074019 8.499265801 22.47000594 14.66179511 7.808210834
4.070351759 22.47039646 16.52023479 5.950161675 22.47039642 17.83757672 4.632819695
4.100502513 22.47078696 17.96876098 4.502025989 22.47078692 17.65017291 4.820614011
4.130653266 22.47117749 16.44296734 6.028210152 22.47117744 15.97008714 6.501090299
4.16080402 22.47156804 12.89902396 9.572544079 22.47156799 14.03858323 8.432984762
4.190954774 22.47195861 17.44597452 5.025984089 22.47195856 17.05678385 5.41517471
4.221105528 22.4723492 18.00825032 4.464098879 22.47234916 16.74769199 5.724657171
4.251256281 22.47273982 16.95344344 5.51929638 22.47273978 16.91567323 5.55706655
4.281407035 22.47313046 16.19472068 6.27840978 22.47313042 17.4067269 5.066403519
4.311557789 22.47352113 13.01083718 9.462683947 22.47352108 12.78825407 9.685267014
4.341708543 22.47391182 16.99574463 5.478167194 22.47391177 18.11952765 4.354384129
4.371859296 22.47430254 17.03989486 5.434407677 22.47430249 17.32866017 5.145642315
4.40201005 22.47469327 17.7264691 4.748224169 22.47469323 16.79457637 5.680116857
4.432160804 22.47508404 17.28586496 5.189219074 22.47508399 16.10824977 6.366834221
4.462311558 22.47547482 11.55020935 10.92526547 22.47547477 13.30601213 9.169462645
4.492462312 22.47586563 16.9823544 5.493511228 22.47586558 17.61141629 4.864449293
4.522613065 22.47625646 17.03202994 5.444226524 22.47625642 16.73216667 5.744089742
4.552763819 22.47664732 17.289102 5.187545321 22.47664727 17.45373133 5.022915947
4.582914573 22.4770382 17.96403305 4.513005154 22.47703815 18.75233165 3.724706508
4.613065327 22.47742911 13.0252511 9.452178001 22.47742906 13.16920684 9.308222217
4.64321608 22.47782003 17.77379904 4.704020995 22.47781999 17.25008696 5.227733021
4.673366834 22.47821099 16.70103224 5.777178742 22.47821094 17.38302835 5.095182591
4.703517588 22.47860196 17.59024806 4.888353898 22.47860191 17.29557632 5.183025599
4.733668342 22.47899296 17.600515 4.878477963 22.47899291 16.07747682 6.401516093
4.763819095 22.47938398 12.89784973 9.581534255 22.47938394 13.57706516 8.902318777
4.793969849 22.47977503 16.31634767 6.163427361 22.47977498 17.11131736 5.368457629
4.824120603 22.4801661 17.64472963 4.83543647 22.48016606 16.58584456 5.894321496
4.854271357 22.4805572 17.34249215 5.138065053 22.48055715 17.0830173 5.397539849
4.884422111 22.48094832 16.7347994 5.746148918 22.48094827 17.52091127 4.960036998
4.914572864 22.48133946 12.3870652 10.09427426 22.48133941 12.89449967 9.586839742
4.944723618 22.48173063 16.65950123 5.822229398 22.48173058 16.67442536 5.807305223
4.974874372 22.48212182 18.20961759 4.27250423 22.48212177 18.27525708 4.206864685
5.005025126 22.48251303 16.93492652 5.547586513 22.48251298 16.47836039 6.00415259
5.035175879 22.48290427 13.8774079 8.605496365 22.48290422 13.45812947 9.024774749
5.065326633 22.48329553 15.15153174 7.331763788 22.48329548 16.61687619 5.866419294
5.095477387 22.48368682 17.40786553 5.075821285 22.48368677 16.31656546 6.167121309
5.125628141 22.48407813 16.75583412 5.728244007 22.48407808 17.12959164 5.35448644
5.155778894 22.48446946 17.09091124 5.39355822 22.48446941 17.56950637 4.914963036
5.185929648 22.48486082 12.2641763 10.22068451 22.48486077 11.52049055 10.96437021
5.216080402 22.4852522 16.93728876 5.547963437 22.48525215 17.1483145 5.336937651
5.246231156 22.4856436 17.65639589 4.829247714 22.48564355 17.84588998 4.639753571
5.27638191 22.48603503 17.33862806 5.14740697 22.48603498 17.17066378 5.315371204
5.306532663 22.48642648 16.3076557 6.178770782 22.48642644 17.95306824 4.533358191
5.336683417 22.48681796 12.06852637 10.41829158 22.48681791 12.88013375 9.606684163
5.366834171 22.48720946 17.68507854 4.802130916 22.48720941 16.76634515 5.720864264
5.396984925 22.48760098 17.3167565 5.170844482 22.48760094 16.82954736 5.658053576
5.427135678 22.48799253 16.16607984 6.321912689 22.48799248 17.18434252 5.303649967
5.457286432 22.4883841 17.99644008 4.491944022 22.48838406 16.90429067 5.584093391
5.487437186 22.4887757 12.01304398 10.47573172 22.48877565 12.71879434 9.769981309
5.51758794 22.48916732 17.72873191 4.760435406 22.48916727 17.40874758 5.080419687
5.547738693 22.48955896 16.52697931 5.962579655 22.48955892 17.32262816 5.16693076
5.577889447 22.48995063 17.16850753 5.321443103 22.48995058 18.0698162 4.420134379
5.608040201 22.49034232 17.07806818 5.412274137 22.49034227 16.36684625 6.12349602
5.638190955 22.49073404 12.38145905 10.10927498 22.49073399 13.13063373 9.360100261
5.668341709 22.49112578 18.16701961 4.324106168 22.49112573 16.80301417 5.688111559
5.698492462 22.49151754 17.64238043 4.849137109 22.49151749 17.48313107 5.008386421
5.728643216 22.49190933 17.20376939 5.288139936 22.49190928 16.99346168 5.498447597
5.75879397 22.49230114 16.21603997 6.276261167 22.49230109 17.39962773 5.092673354
5.788944724 22.49269297 12.31086428 10.18182869 22.49269292 12.29869402 10.1939989
5.819095477 22.49308483 17.51530376 4.977781065 22.49308478 16.81645865 5.676626135
5.849246231 22.49347671 17.3446444 5.148832307 22.49347666 16.58823839 5.905238277
5.879396985 22.49386862 17.34827665 5.145591967 22.49386857 16.55437748 5.939491088
5.909547739 22.49426055 16.46204022 6.03222033 22.4942605 16.91368438 5.580576116
5.939698492 22.4946525 12.16498018 10.32967232 22.49465246 12.16840327 10.32624919
5.969849246 22.49504448 16.69481445 5.800230031 22.49504443 16.63380516 5.861239277
6 22.49533897 18.82202606 3.673312907 22.49533892 18.39868915 4.096649771
