z u1dC23 u3dC23 discC23 flow1dC23 flow3dC23 flowdiscC23 areaC23 intersectionsC23 u1dC40 u3dC40 discC40 flow1dC40 flow3dC40 flowdiscC40 areaC40 intersectionsC40
0.0 22.4635704733 22.3153180528 0.148252420537 2.29005706497 2.26108687856 0.0289701864039 0.101324429848 876.0 22.4461090415 22.3153179563 0.130791085209 2.29005682171 2.2610868784 0.0289699433073 0.101324430278 876.0
0.0301507537688 22.4652764828 22.0218427219 0.443433760924 2.29022004214 2.23660077453 0.0536192676052 0.101562834808 2517.0 22.4477970998 22.008168342 0.439628757883 2.29021813378 2.23722838928 0.0529897444948 0.101654456406 2449.0
0.0603015075377 22.4654410937 22.0406911373 0.424749956389 2.29022232274 2.24061228029 0.0496100424506 0.101657986418 2003.0 22.447944846 22.0174475129 0.43049733308 2.29021874699 2.24068323589 0.0495355111085 0.101768528553 2039.0
0.0904522613065 22.4655864303 22.0376260198 0.427960410453 2.29022266854 2.24010570658 0.0501169619516 0.101649138822 1999.0 22.4480727765 21.9988395838 0.449233192659 2.29021737087 2.2386347591 0.0515826117663 0.101761492945 2059.0
0.120603015075 22.4657318464 22.077721799 0.38801004736 2.29022302062 2.24307603565 0.0471469849692 0.101599071502 2029.0 22.4482001422 22.0590297099 0.389170432245 2.29021593857 2.24360063166 0.0466153069089 0.101708944644 2053.0
0.150753768844 22.4658773252 22.0858491622 0.380028163015 2.29022337721 2.24233191559 0.0478914616212 0.101527991934 2109.0 22.4483274534 22.0605697717 0.387757681613 2.29021450276 2.24229026168 0.0479242410797 0.101642445544 2137.0
0.180904522613 22.4660229223 22.0830265116 0.382996410766 2.29022374372 2.24402981958 0.0461939241393 0.10161785652 2153.0 22.4484547292 22.0555595121 0.392895217126 2.29021306537 2.24371000792 0.0465030574496 0.101729906543 2107.0
0.211055276382 22.4661687321 22.084288346 0.381880386061 2.29022412964 2.24497894601 0.0452451836314 0.101655027811 2107.0 22.4485819976 22.0425282098 0.406053787817 2.29021162913 2.24322171231 0.0469899168144 0.101767895723 1973.0
0.241206030151 22.4663147227 22.0992587562 0.367055966544 2.29022453214 2.24638903632 0.0438354958128 0.101649972115 2165.0 22.4487093209 22.0521793162 0.39653000469 2.2902102004 2.24411890047 0.0460912999373 0.101764041925 2067.0
0.27135678392 22.4664607964 22.1147029734 0.351757822999 2.2902249416 2.24615666397 0.0440682776326 0.101568475356 2221.0 22.4488367732 22.0597146116 0.389122161542 2.29020878674 2.24305398683 0.0471547999038 0.101681006592 2107.0
0.301507537688 22.4666070961 22.1344840494 0.332123046748 2.29022537219 2.24703254318 0.0431928290057 0.10151727676 2101.0 22.4489643934 22.0727744719 0.376189921436 2.29020739201 2.2432668885 0.0469405035131 0.101630490148 2095.0
0.331658291457 22.4667536814 22.1043206856 0.362432995791 2.29022582983 2.24610216101 0.0441236688191 0.101613715841 2059.0 22.4490921998 22.0814815216 0.367610678267 2.29020601795 2.24628158893 0.0439244290237 0.101726941951 2153.0
0.361809045226 22.4669004008 22.0798274856 0.38707291523 2.29022629954 2.24457527546 0.0456510240841 0.101657283189 2061.0 22.449220221 22.0791042939 0.370115927123 2.29020466731 2.24700452817 0.0432001391372 0.101770637896 2201.0
0.391959798995 22.4670474588 22.1085757529 0.358471705934 2.29022680183 2.24688684073 0.0433399610981 0.10162965113 2199.0 22.4493485033 22.0713913178 0.377957185519 2.2902033447 2.24560948864 0.0445938560607 0.101742996457 2153.0
0.422110552764 22.4671948188 22.1190617133 0.348133105499 2.2902273331 2.24653883989 0.0436884932149 0.101565738593 2243.0 22.4494770827 22.0787439264 0.370733156235 2.29020205365 2.24494296575 0.0452590878915 0.101678925814 2153.0
0.452261306533 22.4673423448 22.1128961765 0.354446168247 2.29022787985 2.24563434481 0.0445935350398 0.101553153729 2131.0 22.4496059702 22.0798366618 0.369769308374 2.2902007951 2.24477563434 0.0454251607603 0.101666315232 2159.0
0.482412060302 22.4674901676 22.0998420371 0.367648130537 2.29022845523 2.24594353223 0.0442849229964 0.101627130568 2074.0 22.4497351845 22.0624411463 0.3872940382 2.29019957077 2.24464062456 0.0455589462116 0.101740356368 2108.0
0.51256281407 22.4676382245 22.0981615025 0.369476722055 2.29022905302 2.24631187872 0.0439171742954 0.101651527819 2115.0 22.4498647609 22.0651480892 0.384716671657 2.2901983841 2.24545797363 0.0447404104782 0.101764917441 2075.0
0.542713567839 22.4677866449 22.0927200557 0.375066589211 2.29022968623 2.2453057995 0.044923886722 0.101631025688 2089.0 22.4499947345 22.0765077668 0.373486967756 2.29019723849 2.24616081471 0.044036423782 0.101744389939 2193.0
0.572864321608 22.4679353452 22.1039945805 0.363940764619 2.2902303466 2.24417977751 0.0460505690914 0.101528245012 2163.0 22.4501251371 22.0739955358 0.376129601285 2.29019613697 2.24360932462 0.0465868123468 0.10164038137 2233.0
0.603015075377 22.4680843091 22.1174317801 0.35065252894 2.29023103263 2.24590984894 0.0443211836852 0.101544784732 2171.0 22.4502559981 22.107406553 0.342849445097 2.29019508238 2.24739460367 0.0428004787053 0.101657994043 2203.0
0.633165829146 22.4682335657 22.1025777395 0.365655826208 2.29023174728 2.24617137215 0.0440603751275 0.101624860169 2193.0 22.450387342 22.0709280597 0.379459282337 2.29019407703 2.24544908641 0.044744990627 0.101737864413 2193.0
0.663316582915 22.4683831647 22.1103884609 0.357994703822 2.29023249559 2.24749917836 0.0427333172308 0.101649013645 2205.0 22.4505191906 22.0719725012 0.378546689345 2.29019312297 2.24609954051 0.0440935824612 0.101762519883 2125.0
0.693467336683 22.4685330463 22.0947852048 0.373747841506 2.29023327168 2.24493988267 0.0452933890062 0.101604965238 2175.0 22.4506515709 22.0866682857 0.363983285179 2.29019222278 2.24662280906 0.043569413718 0.101718501858 2107.0
0.723618090452 22.4686831886 22.1131559162 0.355527272385 2.29023407342 2.2451253194 0.0451087540188 0.101528941771 2151.0 22.4507845047 22.1037897664 0.346994738302 2.29019137851 2.24664773907 0.0435436394375 0.101640839097 2127.0
0.753768844221 22.4688336298 22.1203198292 0.348513800636 2.29023490468 2.24689758697 0.0433373177028 0.101576179925 2139.0 22.4509180081 22.0923541419 0.358563866266 2.29019059166 2.24657630136 0.0436142902958 0.101690217662 2183.0
0.78391959799 22.4689843352 22.1120526467 0.356931688535 2.29023576204 2.2473326889 0.0429030731405 0.101633834037 2065.0 22.4510520974 22.0726321881 0.378419909346 2.29018986371 2.24583116795 0.0443586957572 0.101747319886 2189.0
0.814070351759 22.4691352503 22.1078423839 0.361292866381 2.29023664013 2.24712590272 0.0431107374114 0.10164383587 2087.0 22.451186788 22.064165975 0.387020812957 2.29018919611 2.24518889171 0.0450003044058 0.101757251747 2185.0
0.844221105528 22.4692864057 22.1161469705 0.353139435211 2.29023754202 2.24717448069 0.0430630613298 0.101607865226 2087.0 22.4513220945 22.0679383334 0.383383761055 2.29018859018 2.24477614387 0.0454124463152 0.101721153556 2151.0
0.874371859296 22.4694377654 22.1373160293 0.332121736173 2.29023846417 2.24670224714 0.0435362170291 0.101489369541 2205.0 22.4514580257 22.0840820001 0.367376025651 2.29018804669 2.24377412031 0.0464139263786 0.101601421345 2257.0
0.904522613065 22.4695892768 22.104767757 0.364821519827 2.29023940135 2.24512534036 0.0451140609925 0.101567470196 2165.0 22.4515945827 22.0835782428 0.36801633983 2.29018756561 2.24547519021 0.0447123753952 0.101680767742 2155.0
0.934673366834 22.4697409514 22.1090983839 0.360642567557 2.29024035472 2.24697848766 0.0432618670632 0.101631393947 2187.0 22.4517317694 22.0672005284 0.384531240956 2.29018714723 2.24522465017 0.0449624970652 0.101744879115 2143.0
0.964824120603 22.4698927246 22.1215222663 0.348370458318 2.29024131786 2.24834176019 0.0418995576643 0.10163594228 2173.0 22.4518696066 22.0889318454 0.362937761192 2.29018679354 2.24752358509 0.0426632084469 0.101748857791 2083.0
0.994974874372 22.4700445574 22.1187091824 0.351335375084 2.29024228689 2.2467180952 0.0435241916915 0.1015754616 2109.0 22.4520081224 22.0884312411 0.363576881253 2.29018650725 2.24613880084 0.044047706409 0.101688471052 2161.0
1.02512562814 22.4701964133 22.1281649296 0.342031483752 2.29024325817 2.24577843837 0.044464819805 0.10148959236 2137.0 22.45214732 22.1081741547 0.343973165292 2.29018628862 2.24624372856 0.0439425600673 0.101602407907 2214.0
1.05527638191 22.4703482532 22.1037767436 0.366571509583 2.29024422783 2.24559392227 0.04465030556 0.101593223109 2127.0 22.4522871527 22.0916154968 0.360671655875 2.29018613292 2.24687565525 0.0433104776699 0.101707168295 2145.0
1.08542713568 22.4705000433 22.1016688271 0.368831216151 2.29024519249 2.24631752063 0.0439276718589 0.101635651959 2201.0 22.4524276255 22.0899762376 0.362451387835 2.29018604057 2.24763798926 0.0425480513121 0.101749226214 2133.0
1.11557788945 22.4706517452 22.091575529 0.379076216263 2.29024614831 2.24517628857 0.0450698597424 0.10163042856 2151.0 22.4525688314 22.0845194193 0.368049412111 2.2901860209 2.24697101387 0.0432150070394 0.101744166183 2135.0
1.14572864322 22.4708033219 22.1000098713 0.370793450678 2.29024709159 2.24483459286 0.0454124987308 0.101576180551 2243.0 22.4527105993 22.0848890173 0.367821582078 2.29018605666 2.24580593408 0.0443801225795 0.101689708847 2123.0
1.17587939698 22.4709547392 22.1218436672 0.349111071997 2.2902480189 2.24555541463 0.0446926042678 0.101508511154 2273.0 22.4528529832 22.1069384189 0.345914564231 2.29018615316 2.24656400201 0.0436221511465 0.101622574752 2179.0
1.20603015075 22.4711059653 22.1294449876 0.34166097778 2.29024892706 2.24804462071 0.0422043063507 0.101586127532 2203.0 22.4529959306 22.0757400749 0.377255855717 2.29018630517 2.24508530823 0.0451009969382 0.101699209205 2123.0
1.23618090452 22.4712569683 22.1009183479 0.370338620443 2.29024981285 2.24621388924 0.0440359236195 0.101634414185 2225.0 22.4531394171 22.0687699716 0.384369445544 2.2901865102 2.24543949932 0.0447470108816 0.101747378862 2067.0
1.26633165829 22.4714077133 22.1183685883 0.353039125016 2.29025067278 2.24758910195 0.0426615708371 0.10161640507 2213.0 22.4532835797 22.0775520952 0.375731484547 2.2901867819 2.2459779113 0.0442088705956 0.101731292565 2053.0
1.29648241206 22.4715581693 22.0997441669 0.37181400241 2.29025150372 2.24401373915 0.0462377645711 0.101540258666 2177.0 22.4534285212 22.0844564806 0.368972040622 2.29018713049 2.24497969529 0.0452074351977 0.101654287814 2151.0
1.32663316583 22.4717083114 22.151530331 0.320177980477 2.29025230317 2.24829914892 0.0419531542479 0.101496335257 2245.0 22.4535740195 22.091078145 0.362495874504 2.29018753381 2.24470135323 0.0454861805799 0.101611217818 2155.0
1.3567839196 22.4718581143 22.1120337041 0.35982441023 2.29025306854 2.24675689138 0.0434961771567 0.101607881095 2187.0 22.4537199272 22.0880929143 0.365627012866 2.29018797713 2.2467969678 0.043391009331 0.101719825995 2221.0
1.38693467337 22.4720075501 22.100856804 0.371150746107 2.29025379701 2.24617056746 0.0440832295518 0.101632737019 2077.0 22.4538664824 22.0946783283 0.35918815407 2.29018848422 2.24804684367 0.0421416405458 0.101746077054 2197.0
1.41708542714 22.4721565926 22.1090313199 0.363125272712 2.29025448593 2.24656474933 0.0436897366009 0.101612988684 2133.0 22.4540135475 22.0882538174 0.365759730099 2.29018904134 2.24694299854 0.0432460428019 0.101725696251 2125.0
1.4472361809 22.472305219 22.1178541798 0.354451039282 2.29025513297 2.24596270163 0.044292431338 0.101545235057 2109.0 22.4541610201 22.0995675691 0.354593450996 2.29018963831 2.2465854879 0.0436041504178 0.101657441073 2141.0
1.47738693467 22.4724534093 22.1271395589 0.345313850438 2.29025573609 2.2465765945 0.0436791415894 0.101530366748 2165.0 22.4543091024 22.0858037477 0.368505354707 2.29019029531 2.24487306678 0.045317228531 0.101643258829 2141.0
1.50753768844 22.4726011414 22.1026417777 0.369959363746 2.29025629302 2.24562470517 0.0446315878463 0.101599832625 2207.0 22.4544574709 22.0812223032 0.373235167649 2.2901909801 2.24595336168 0.0442376184182 0.101713271614 2133.0
1.53768844221 22.4727484009 22.093725103 0.37902329788 2.29025680227 2.24542063149 0.0448361707864 0.101631599969 2095.0 22.4546063796 22.0856835131 0.368922866533 2.29019171808 2.24711362774 0.0430780903336 0.101745260744 2143.0
1.56783919598 22.4728951753 22.0973597266 0.375535448674 2.29025726255 2.2449665683 0.0452906942534 0.101594335073 2073.0 22.4547556128 22.1010494388 0.353706174025 2.29019248776 2.24784373895 0.0423487488091 0.101707556701 2171.0
1.59798994975 22.4730414543 22.123650837 0.349390617363 2.2902576728 2.24558012377 0.0446775490244 0.101501336299 2153.0 22.4549052381 22.0999962941 0.354908944014 2.29019329593 2.24568005598 0.0445132399492 0.101614499211 2121.0
1.62814070352 22.4731872313 22.1274171447 0.345770086669 2.29025803229 2.24648579863 0.0437722336547 0.101524989742 2277.0 22.4550552317 22.1009032418 0.354151989865 2.29019414028 2.24629332279 0.0439008174868 0.101638077784 2065.0
1.65829145729 22.4733325037 22.1307079797 0.342624524024 2.29025834074 2.24882893194 0.0414294087947 0.101615769997 2245.0 22.4552055023 22.0814082343 0.373797268018 2.29019501177 2.24631043799 0.0438845737795 0.101728586065 2053.0
1.68844221106 22.4734772677 22.1241581108 0.349319156918 2.29025859771 2.24835617145 0.0419024262685 0.101624484882 2183.0 22.4553561325 22.0676068048 0.387749327732 2.29019591868 2.2451142103 0.0450817083815 0.101738001323 2073.0
1.71859296482 22.4736215208 22.1020538986 0.371567622164 2.29025880294 2.24535059982 0.0449082031247 0.101590133212 2053.0 22.4555069984 22.0796903816 0.375816616839 2.29019684872 2.24557770787 0.0446191408488 0.101703315086 2104.0
1.74874371859 22.4737652762 22.1326053115 0.341159964773 2.29025895773 2.24657091123 0.0436880465023 0.101505036556 2171.0 22.4556581565 22.1115064417 0.344151714784 2.29019780757 2.24692720609 0.0432706014862 0.101618006535 2209.0
1.77889447236 22.473908548 22.123474551 0.350433997006 2.29025906343 2.24668236159 0.0435767018404 0.101551967184 2217.0 22.4558095302 22.1036714454 0.352138084769 2.29019878767 2.24721240674 0.0429863809352 0.101666929509 2227.0
1.80904522613 22.4740513339 22.1367275722 0.337323761717 2.29025911978 2.24927283987 0.04098627991 0.101608190846 2141.0 22.4559609772 22.0765754897 0.379385487495 2.29019977473 2.24564999259 0.0445497821421 0.101720939176 2235.0
1.8391959799 22.4741929862 22.1147523991 0.359440587089 2.2902590578 2.24738428615 0.0428747716465 0.101623759814 2197.0 22.4561112553 22.087334144 0.368777111253 2.29020063981 2.24709567063 0.0431049691788 0.101736844111 2089.0
1.86934673367 22.4743038908 22.0833783853 0.390925505578 2.29025570517 2.2429240574 0.0473316477705 0.101566165207 2091.0 22.4562097259 22.090323075 0.365886650914 2.29019594172 2.24617081857 0.0440251231487 0.101681211766 2153.0
1.89949748744 22.4737906937 22.1388342431 0.334956450612 2.29018430934 2.24613936024 0.0440449491078 0.101456984391 2203.0 22.4552235486 22.1244236356 0.330799912983 2.2900729023 2.24718398885 0.0428889134509 0.101570283858 2179.0
1.92964824121 22.4668461598 22.1385912015 0.32825495829 2.28938998278 2.24601691775 0.0433730650387 0.101452567478 2115.0 22.4430547402 22.1379922735 0.305062466708 2.28869203074 2.24692041659 0.0417716141538 0.101496124347 2181.0
1.95979899497 22.425535132 22.1417509018 0.283784230193 2.28450453262 2.24581468009 0.0386898525326 0.101428956095 1973.0 22.3711273863 22.1725946806 0.198532705671 2.28019520222 2.24820957197 0.0319856302525 0.101395871992 2181.0
1.98994974874 22.2914151846 22.1831726009 0.108242583667 2.2670490173 2.24775641196 0.0192926053483 0.101327093847 2023.0 22.1379615806 22.1764191472 0.0384575665441 2.24989360132 2.24472843043 0.00516517089136 0.101221410704 2065.0
2.02010050251 22.0687143491 22.4814531772 0.412738828118 2.2300742634 2.23567408142 0.00559981802457 0.0994452655617 1967.0 21.7536688572 22.7082943333 0.954625476158 2.18633332468 2.22432211169 0.0379887870103 0.0979519676395 1965.0
2.05025125628 22.0207689343 23.0153672681 0.994598333803 2.18673801632 2.22559602046 0.0388580041393 0.0967004347369 1836.0 21.6921134332 23.7426769819 2.05056354875 2.11455704507 2.21263053696 0.0980734918826 0.0931921256664 1861.0
2.08040201005 22.6121595843 23.6543385318 1.04217894751 2.16719192788 2.22772211821 0.06053019033 0.0941781616601 1751.0 22.8168558628 24.6817331084 1.86487724563 2.08881862583 2.19106750917 0.10224888334 0.0887728385826 1599.0
2.11055276382 24.2953242315 24.3254329626 0.0301087311044 2.20008498029 2.19631096416 0.00377401613293 0.0902886689636 1617.0 26.0855357528 25.964249173 0.121286579784 2.15590986762 2.13172335732 0.0241865103076 0.0821022531062 1471.0
2.14070351759 26.7545030986 25.7767102214 0.977792877229 2.25043913755 2.16173897633 0.0887001612171 0.0838640368675 1537.0 31.0609123472 28.6438263032 2.41708604391 2.24035052898 2.04875214097 0.19159838801 0.071525086044 1386.0
2.17085427136 28.7442698677 27.6372843718 1.10698549595 2.22882817237 2.14829663728 0.0805315350922 0.0777318280761 1557.0 35.3239004947 31.7234056677 3.600494827 2.17972248132 1.95294905864 0.226773422681 0.0615617717435 1183.0
2.20100502513 30.7407852745 29.7005992187 1.04018605577 2.20574246738 2.13476557202 0.0709768953641 0.0718761785342 1446.0 40.8104161162 36.87552166 3.93489445616 2.15812511463 1.93761921257 0.220505902058 0.0525448624277 913.0
2.23115577889 32.8378298436 31.0179272085 1.81990263512 2.20927567638 2.13721458864 0.0720610877409 0.0689025599383 1378.0 46.9466325316 39.937888768 7.00874376356 2.17355555923 1.91793775086 0.255617808367 0.0480230129841 833.0
2.26130653266 34.6685470895 32.5064740384 2.16207305109 2.22485609079 2.1442687448 0.0805873459864 0.0659643596615 1291.0 52.5782838447 42.6556683773 9.92261546746 2.20131549951 1.86238823313 0.338927266381 0.0436609788097 759.0
2.29145728643 36.0538102057 33.7047885006 2.34902170509 2.24395143566 2.12459437095 0.119357064711 0.0630353865272 1281.0 56.9380338741 48.1980688747 8.73996499939 2.2297288913 1.90287463903 0.326854252264 0.0394803087232 749.0
2.3216080402 36.9727809935 34.9643665383 2.00841445514 2.26131665341 2.16258830363 0.0987283497827 0.0618512078935 1351.0 59.8101086794 52.0885822252 7.72152645419 2.25320518608 1.97034225727 0.282862928808 0.0378267592071 771.0
2.35175879397 37.5092169257 35.4729647262 2.03625219954 2.27464025 2.17799410602 0.0966461439801 0.0613987052628 1357.0 61.4314720868 53.2185450912 8.21292699561 2.27043465349 1.98018363683 0.290251016667 0.0372085263405 743.0
2.38190954774 37.7827702966 35.9341393872 1.84863090943 2.28353700792 2.19369472823 0.0898422796893 0.0610476489946 1322.0 62.2084537025 55.5940566221 6.61439708042 2.28172289973 2.03944447393 0.242278425806 0.0366845774143 714.0
2.41206030151 37.8993060199 35.9600623041 1.93924371582 2.28844591295 2.1870644475 0.101381465451 0.0608192619079 1289.0 62.5112978346 55.9121875205 6.59911031418 2.28791612346 2.03293279783 0.254983325625 0.0363593858153 683.0
2.44221105528 37.9326883124 36.1757189255 1.75696938698 2.29015190595 2.19949348014 0.0906584258106 0.060800270056 1309.0 62.5915609837 57.8963448875 4.69521609614 2.29007138785 2.10392941278 0.186141975075 0.0363395896039 779.0
2.47236180905 37.9390666242 36.3558251376 1.58324148657 2.29050699148 2.20733514229 0.0831718491903 0.0607147584721 1377.0 62.6036821392 58.2158241898 4.38785794937 2.29037695486 2.109909004 0.180467950864 0.036242877832 819.0
2.50251256281 37.9672991822 36.2918478193 1.67545136288 2.29271588678 2.20356812987 0.0891477569101 0.0607179921189 1323.0 62.6556529464 57.5810409311 5.07461201527 2.2933168066 2.08734381001 0.20597299659 0.0362505396959 741.0
2.53266331658 37.9842907538 36.3849549015 1.59933585237 2.29638531045 2.22076257075 0.0756227397025 0.061035188219 1355.0 62.623219854 58.1872312264 4.43598862766 2.29795906572 2.13282065179 0.16513841393 0.0366544447439 763.0
2.56281407035 37.9406849305 36.2365834086 1.7041015219 2.30105516733 2.22097400908 0.0800811582456 0.0612909330893 1295.0 62.3423478558 58.0654039571 4.27694389873 2.30390819592 2.14820089488 0.155707301036 0.0369962275036 787.0
2.59296482412 37.7774235099 36.0152576073 1.7621659026 2.30613983094 2.21435641602 0.0917834149216 0.0614838422139 1199.0 61.6203539505 57.1203097116 4.5000442389 2.31053490065 2.12898308612 0.181551814523 0.0372719107594 707.0
2.62311557789 37.4366687566 35.5899763295 1.84669242718 2.31102960337 2.21978564092 0.091243962448 0.0623710906793 1203.0 60.2847548733 56.2361833788 4.04857149448 2.31720017528 2.16719946725 0.150000708026 0.0385374564389 723.0
2.65326633166 36.8726868582 34.9754052545 1.89728160374 2.31510174088 2.22443878652 0.0906629543569 0.0636000861274 1194.0 58.2316683768 54.2215269492 4.01014142757 2.32327070314 2.18255178104 0.140718922096 0.0402524957124 783.0
2.68341708543 36.0618703797 34.3658569425 1.69601343725 2.31773141965 2.23138745578 0.0863439638667 0.0649303597904 1197.0 55.4605834813 52.4584395571 3.00214392428 2.3280149147 2.20929845175 0.118716462945 0.0421152148331 787.0
2.7135678392 35.0111700674 33.7897161143 1.22145395313 2.31841842466 2.25595201041 0.0624664142539 0.0667644558711 1265.0 52.0859687553 50.0127708438 2.07319791151 2.33065162838 2.23902061246 0.0916310159189 0.0447689774968 797.0
2.74371859296 33.7544817121 32.7309907323 1.0234909798 2.31657481741 2.26900477633 0.0475700410799 0.0693228260301 1315.0 48.3131991454 47.3037338201 1.00946532532 2.33039439747 2.2966551234 0.0337392740764 0.0485512440124 835.0
2.77386934673 32.3570332717 31.6683689886 0.688664283012 2.31224883251 2.27805894898 0.0341898835364 0.0719348366123 1540.0 44.3838600572 43.6055114715 0.778348585687 2.3263798162 2.2906303033 0.0357495129023 0.0525307518705 1012.0
2.8040201005 30.8951841419 30.478186637 0.416997504933 2.30561282412 2.27785180844 0.0277610156807 0.0747371172562 1571.0 40.5392063305 40.2759010294 0.263305301169 2.31851319681 2.28775894077 0.0307542560418 0.0568021790276 1157.0
2.83417085427 29.4543915917 29.3123755686 0.142016023029 2.29775561559 2.28845622419 0.0092993914093 0.0780713326638 1545.0 36.9697514656 37.0594533142 0.0897018485737 2.30722399873 2.29663920436 0.0105847943757 0.0619717507672 1187.0
2.86432160804 28.1969734706 28.2311806046 0.0342071340423 2.29727741461 2.29766695277 0.000389538159526 0.0813875616803 1644.0 33.8761709629 34.2646519378 0.388480974915 2.29866035937 2.30669584551 0.0080354861473 0.0673199847383 1289.0
2.89447236181 27.1580097758 26.9437357503 0.214274025492 2.30479699786 2.28481341159 0.0199835862733 0.0847994291795 1626.0 31.4891423605 31.7172778256 0.228135465084 2.30803468888 2.31091734532 0.00288265644228 0.0728598891123 1373.0
2.92462311558 26.2447955009 26.0461216597 0.198673841147 2.31114410329 2.27851706754 0.0326270357516 0.0874800900229 1737.0 29.5478463709 29.5923641351 0.0445177642723 2.31963668911 2.28982938377 0.0298073053402 0.0773790621564 1533.0
2.95477386935 25.4553161288 25.3373816372 0.117934491627 2.31514826241 2.28575154217 0.0293967202373 0.0902126184506 1727.0 27.9516119568 28.0384348433 0.0868228865286 2.32787368776 2.29731115075 0.0305625370093 0.0819343577341 1617.0
2.98492462312 24.7882134409 24.4686756214 0.319537819462 2.31674229669 2.27661096453 0.0401313321629 0.0930418548088 1849.0 26.6555975871 26.4227518565 0.232845730602 2.33204710713 2.29019917412 0.0418479330158 0.0866752708633 1612.0
3.01507537688 24.2349383737 24.0159100859 0.21902828777 2.31602684097 2.28447940211 0.0315474388662 0.0951235824057 1841.0 25.6157515961 25.2748262047 0.340925391325 2.33220845524 2.28093269714 0.0512757581049 0.0902452376393 1611.0
3.04522613065 23.7878940366 23.6365457509 0.151348285654 2.31375657143 2.2809374307 0.0328191407336 0.0965004554697 1829.0 24.794593225 24.6695341519 0.125059073102 2.32929712917 2.28603856883 0.0432585603407 0.0926664668557 1743.0
3.07537688442 23.4345796133 23.3035261728 0.131053440477 2.31050189652 2.28092556681 0.0295763297102 0.0978789883509 1964.0 24.1570072849 23.951657226 0.205350058838 2.32438155907 2.27849113029 0.0458904287843 0.0951287465742 1843.0
3.10552763819 23.1620992792 22.9182782505 0.243821028725 2.3068605125 2.27423813194 0.0326223805684 0.0992325037284 1915.0 23.6713675204 23.2853266613 0.38604085916 2.31852942813 2.26869127319 0.0498381549425 0.0974300814495 1723.0
3.13567839196 22.9570375061 22.7408640939 0.216173412244 2.30327728065 2.26992019459 0.0333570860637 0.0998167961086 1933.0 23.3090616201 23.0102922143 0.298769405852 2.3125894202 2.26462788081 0.0479615393894 0.0984180409238 1725.0
3.16582914573 22.8066988774 22.6121272333 0.194571644099 2.30006463658 2.26886527266 0.0311993639159 0.100338426776 2019.0 23.044911931 22.9498277037 0.0950842273414 2.30716045986 2.27923196385 0.0279284960133 0.099313685195 1765.0
3.1959798995 22.6993543179 22.4631869916 0.236167326298 2.29737639367 2.26434314874 0.0330332449287 0.100802399481 2073.0 22.8569894432 22.6079970531 0.248992390039 2.30256687232 2.26623576481 0.0363311075109 0.100240448523 1886.0
3.22613065327 22.6247281125 22.4646042619 0.160123850606 2.29524897649 2.26750399038 0.0277449861135 0.100936743151 2247.0 22.7266312346 22.5213120763 0.205319158345 2.29890661671 2.26391527846 0.0349913382467 0.100523240866 1883.0
3.25628140704 22.5742314389 22.3776606887 0.196570750233 2.29364356422 2.26448552075 0.0291580434697 0.101194023462 2179.0 22.6385239004 22.4566476942 0.181876206165 2.29613282589 2.26565126962 0.0304815562694 0.100890003729 1979.0
3.2864321608 22.5409877459 22.3333234634 0.207664282507 2.29248195869 2.26386880968 0.0286131490101 0.101367304933 2137.0 22.5805389561 22.3166532743 0.263885681807 2.29412072412 2.25788801019 0.0362327139274 0.101175027565 2013.0
3.31658291457 22.5197096476 22.2883577211 0.231351926533 2.29167310444 2.26178447962 0.0298886248149 0.101478292296 2135.0 22.5434089151 22.3457905634 0.197618351654 2.29271757272 2.26372247203 0.0289951006853 0.101304201595 2077.0
3.34673366834 22.5064837818 22.2805845849 0.225899196856 2.29112979616 2.26030569858 0.0308240975765 0.101447324686 2127.0 22.5202989475 22.2709235013 0.249375446156 2.29177432024 2.25586983238 0.0359044878563 0.10129215487 2153.0
3.37688442211 22.4985166552 22.3050600953 0.193456559913 2.29077730084 2.26209973224 0.0286775685915 0.101416437462 2171.0 22.506339788 22.2594651377 0.246874650326 2.29116212555 2.25511757586 0.0360445496918 0.101310501484 2161.0
3.40703517588 22.4938820808 22.2369961232 0.256885957598 2.29055631306 2.25689502532 0.0336612877389 0.101492801133 2155.0 22.4981776231 22.2441519936 0.254025629481 2.29077830766 2.25623682707 0.0345414805849 0.101430561512 2171.0
3.43718592965 22.4912956444 22.213835845 0.277459799392 2.2904224788 2.25560354361 0.0348189351897 0.101540479517 2147.0 22.4935777007 22.2202852497 0.273292451018 2.29054593568 2.25506495627 0.0354809794099 0.101486769001 2091.0
3.46733668342 22.4899272012 22.2131101626 0.276817038638 2.2903440913 2.25485488874 0.0354892025582 0.101510093464 2243.0 22.4910990867 22.2384156552 0.252683431406 2.29041024877 2.25624984013 0.0341604086432 0.101457310409 2027.0
3.49748743719 22.4892435907 22.2142115223 0.275032068326 2.29029808681 2.25304730545 0.0372507813556 0.101423690109 2187.0 22.4898430165 22.2952965396 0.194546476903 2.29033400428 2.26013341577 0.0302005885105 0.101372655517 2169.0
3.52763819095 22.488654565 22.2152783169 0.273376248182 2.29024202869 2.25325293557 0.0369890931223 0.101428075914 2063.0 22.4892684075 22.247747749 0.241520658497 2.29029300868 2.25546873651 0.0348242721715 0.101379643547 2135.0
3.55778894472 22.4886703553 22.1831466898 0.305523665566 2.29023759238 2.2521171289 0.0381204634758 0.101523790128 2057.0 22.4886224247 22.2162282673 0.272394157347 2.29022752175 2.25442485974 0.0358026620046 0.101476489736 2135.0
3.58793969849 22.4888578177 22.1805995376 0.308258280139 2.2902459706 2.25219970964 0.0380462609623 0.101539171916 2105.0 22.4888179389 22.2077238496 0.281094089298 2.29023942879 2.25393004015 0.0363093886403 0.101493068602 2071.0
3.61809045226 22.489028604 22.1693507318 0.319677872159 2.29025046236 2.25040408814 0.0398463742116 0.101509697572 2187.0 22.489002659 22.1414670645 0.347535594534 2.29024647655 2.24660002767 0.0436464488831 0.101465725877 2068.0
3.64824120603 22.4891867859 22.1804780951 0.308708690862 2.29025270891 2.24979658438 0.0404561245285 0.101431383703 2179.0 22.4891699071 22.1339464218 0.355223485275 2.29025007721 2.2441635233 0.0460865539031 0.101390121786 2233.0
3.6783919598 22.4893380513 22.1704774134 0.318860637904 2.29025385442 2.24937495341 0.0408789010076 0.101458119799 2205.0 22.4893244242 22.1667742048 0.322550219406 2.29025169138 2.24800200526 0.0422496861247 0.101413132307 2145.0
3.70854271357 22.4894859639 22.168053978 0.321431985944 2.29025450468 2.25047357672 0.0397809279615 0.101518770162 2079.0 22.4894722314 22.1375986396 0.351873591843 2.29025235477 2.24648100541 0.0437713493652 0.101478079984 2149.0
3.73869346734 22.4896324118 22.166334217 0.323298194774 2.2902549499 2.25079448003 0.039460469865 0.101541123489 2101.0 22.4896165993 22.0583520995 0.431264499739 2.29025257096 2.23894674319 0.051305827766 0.101501088254 2125.0
3.76884422111 22.4897783087 22.1525283684 0.337249940356 2.29025531997 2.24829268872 0.0419626312484 0.101491470921 2123.0 22.4897590883 22.0729795847 0.416779503618 2.29025256299 2.23940530761 0.0508472553809 0.101454599684 2149.0
3.79899497487 22.4899240618 22.1771681877 0.312755874082 2.29025566916 2.24848685808 0.0417688110787 0.101387464759 2091.0 22.4899004191 22.124531963 0.365368456091 2.29025242712 2.2423142181 0.0479382090179 0.101349679254 2183.0
3.82914572864 22.4900698439 22.1450491963 0.345020647588 2.29025601914 2.2467948549 0.0434611642479 0.101458110794 2247.0 22.4900409054 22.0966089716 0.393431933873 2.2902522023 2.24101547927 0.0492367230229 0.1014189771 2133.0
3.85929648241 22.4902157298 22.1335900689 0.356625660837 2.29025637866 2.24727703594 0.0429793427181 0.101532423296 2229.0 22.4901806249 22.0832049953 0.406975629664 2.29025189863 2.24136543259 0.0488864660328 0.101496383024 2139.0
3.88944723618 22.4903617537 22.1265255989 0.36383615481 2.29025675144 2.24655129646 0.043705454989 0.101532040646 2161.0 22.4903195928 22.0347072969 0.455612295885 2.29025151837 2.23647394659 0.0537775717814 0.101497783313 2175.0
3.91959798995 22.4905079388 22.1177035365 0.372804402319 2.29025713985 2.24469065336 0.045566486492 0.101488414005 2149.0 22.4904578303 22.0523149965 0.438142833882 2.29025106393 2.23729479687 0.0529562670626 0.101453965138 2183.0
3.94974874372 22.4906542971 22.1416921586 0.348962138506 2.29025754507 2.24505788472 0.0451996603511 0.101395045538 2161.0 22.4905953504 21.9889279016 0.501667448742 2.29025053673 2.22886606685 0.0613844698821 0.101363107688 2253.0
3.97989949749 22.4908008417 22.1299533534 0.360847488313 2.29025796836 2.24575495273 0.044503015634 0.101480329256 2117.0 22.4907321736 22.0368439229 0.453888250662 2.29024993893 2.23555418253 0.0546957563971 0.101446204835 2151.0
4.01005025126 22.4909475908 22.1132308206 0.377716770118 2.29025841151 2.24510611828 0.0451522932297 0.101527729552 2105.0 22.4908683179 21.9793864298 0.511481888139 2.29024927242 2.23083673819 0.059412534237 0.101496770409 2091.0
4.04020100503 22.491094556 22.1079098182 0.383184737792 2.29025887565 2.24469735244 0.0455615232015 0.101533675997 2129.0 22.4910037971 22.0055922349 0.485411562182 2.29024853871 2.23364994433 0.0565985943794 0.101503741435 1989.0
4.07035175879 22.4912417496 22.1054450144 0.385796735167 2.29025936196 2.24298047612 0.0472788858457 0.10146732964 2153.0 22.4911386282 22.0445093027 0.446629325538 2.29024773959 2.23621497153 0.0540327680599 0.10144090489 2093.0
4.10050251256 22.4913891865 22.120940854 0.370448332511 2.29025987194 2.24241723798 0.0478426339591 0.101370789461 2169.0 22.4912728362 21.9777804245 0.513492411714 2.29024687766 2.22728420577 0.0629626718924 0.101342545187 2101.0
4.13065326633 22.4915368683 22.109510748 0.382026120258 2.29026040572 2.24360654003 0.0466538656895 0.101476987238 2115.0 22.4914064526 21.9616293045 0.529777148113 2.29024595618 2.22799754404 0.0622484121397 0.101449556094 2179.0
4.1608040201 22.4916847958 22.098261627 0.393423168856 2.29026096337 2.24376250289 0.0464984604835 0.101535701802 2113.0 22.4915395106 21.9600720646 0.531467446037 2.29024497856 2.22914674685 0.0610982317092 0.101509081586 2145.0
4.19095477387 22.4918329689 22.0876961977 0.404136771211 2.29026154486 2.24231412667 0.0479474181988 0.101518696499 2055.0 22.4916720417 21.9280215256 0.563650516074 2.29024394805 2.22553821513 0.0647057329119 0.101492887196 2067.0
4.22110552764 22.4919813973 22.0918469944 0.400134402914 2.29026215115 2.24154450642 0.0487176447302 0.10146478504 2117.0 22.4918040743 21.9623396908 0.529464383471 2.2902428676 2.22785474552 0.0623881220787 0.101439772669 2087.0
4.25125628141 22.4921301058 22.1008420452 0.391288060573 2.29026278465 2.2412701813 0.0489926033491 0.101411076407 2069.0 22.4919356346 21.9393911425 0.552544492135 2.29024173994 2.22436569775 0.0658760421965 0.101386847215 2155.0
4.28140703518 22.492279121 22.0670955093 0.425183611687 2.29026344801 2.2397479345 0.0505155135124 0.101497178618 2060.0 22.4920667485 21.8920024118 0.600064336719 2.29024056775 2.22146208303 0.0687784847183 0.101473681632 2116.0
4.31155778894 22.4924284546 22.0876464399 0.404782014691 2.29026414236 2.24256478139 0.0476993609682 0.101530273381 2077.0 22.4921974424 21.9005574503 0.591639992114 2.29023935375 2.22307085335 0.0671685004046 0.10150750082 2193.0
4.34170854271 22.4925780953 22.0733437849 0.4192343104 2.2902648666 2.24090903205 0.0493558345507 0.101521049728 2091.0 22.4923277454 21.8847361028 0.60759164255 2.29023810094 2.22127869585 0.0689594050865 0.101498993884 2125.0
4.37185929648 22.4927280269 22.1017296773 0.390998349675 2.29026561907 2.24177666805 0.0484889510198 0.101429919775 2167.0 22.4924576915 21.9215794911 0.570878200328 2.29023681279 2.22303631462 0.0672004981779 0.101408583059 2201.0
4.40201005025 22.4928782494 22.090008402 0.402869847376 2.29026639979 2.24001264357 0.0502537562138 0.101403883729 2129.0 22.4925873187 21.8743428806 0.618244438157 2.2902354932 2.21769163833 0.0725438548783 0.101383234707 2189.0
4.43216080402 22.4930287802 22.0914303743 0.401598405813 2.29026721047 2.24215484938 0.0481123610911 0.101494326596 2109.0 22.4927166632 21.8928276227 0.599889040419 2.29023414582 2.22155983403 0.0686743117861 0.101474321742 2083.0
4.46231155779 22.4931796286 22.0719588992 0.42122072942 2.29026805207 2.24102150736 0.0492465447117 0.101532515423 2083.0 22.4928457564 21.8925453387 0.600300417706 2.29023277383 2.22238133924 0.0678514345928 0.101513154585 2135.0
4.49246231156 22.4933307883 22.0710049768 0.422325811456 2.29026892393 2.24019111118 0.0500778127525 0.101499279871 2143.0 22.4929746344 21.8746942762 0.618280358228 2.29023138085 2.21985625005 0.070375130797 0.101480561146 2277.0
4.52261306533 22.4934822555 22.0998991813 0.393583074212 2.29026982571 2.24166756782 0.0486022578931 0.101433384353 2193.0 22.4931033435 21.8878728298 0.605230513714 2.29022997158 2.21976513092 0.0704648406568 0.101415297329 2141.0
4.5527638191 22.4936340357 22.0900882486 0.403545787041 2.29027075794 2.24079999117 0.049470766776 0.101439159769 2177.0 22.4932319304 21.883212694 0.610019236403 2.29022855076 2.21943217331 0.07079637745 0.101421678998 2163.0
4.58291457286 22.4937861246 22.0734996782 0.420286446408 2.29027172022 2.24065073753 0.0496209826949 0.101508631173 2005.0 22.4933604293 21.8699933646 0.623367064715 2.2902271218 2.21962344117 0.0706036806275 0.101491729063 2235.0
4.61306532663 22.4939385121 22.0735559289 0.420382583211 2.29027271152 2.24107902008 0.0491936914411 0.101527775013 2057.0 22.4934888699 21.8790863084 0.614402561489 2.29022568765 2.22097774533 0.0692479423189 0.101511448605 2183.0
4.6432160804 22.4940911941 22.084985613 0.409105581099 2.29027373147 2.24168233496 0.0485913965095 0.101502549028 2145.0 22.4936172867 21.8273164285 0.66630085816 2.29022425173 2.21518433203 0.0750399196973 0.101486792446 2275.0
4.67336683417 22.4942441651 22.0721314076 0.422112757431 2.29027477951 2.23796200057 0.0523127789429 0.101393107863 2123.0 22.4937457098 21.8518081236 0.641937586146 2.29022281702 2.21529085731 0.0749319597104 0.101377920068 2263.0
4.70351758794 22.494397418 22.0607358577 0.433661560327 2.29027585499 2.23765394509 0.0526219098941 0.101431518855 2171.0 22.4938741719 21.8575558654 0.636318306439 2.29022138681 2.21672480445 0.0734965823564 0.10141686555 2151.0
4.73366834171 22.4945509477 22.0606832886 0.433867659013 2.29027695738 2.23929448897 0.0509824684079 0.101506125611 2173.0 22.4940027127 21.8140589457 0.679943767077 2.2902199651 2.21395216427 0.0762678008296 0.101491985961 2191.0
4.76381909548 22.4947047442 22.0686087816 0.42609596251 2.29027808573 2.24049213602 0.0497859497089 0.101523941005 2191.0 22.494131372 21.8250793753 0.66905199668 2.29021855586 2.21547070077 0.0747478550908 0.101510315847 2203.0
4.79396984925 22.4948587986 22.0787492937 0.416109504899 2.29027923916 2.24042677203 0.049852467128 0.10147435175 2109.0 22.4942601839 21.8162693564 0.677990827503 2.29021716253 2.21350565751 0.0767115050215 0.10146123617 2233.0
4.82412060302 22.4950131015 22.0760729997 0.418940101847 2.29028041676 2.23845278634 0.0518276304178 0.10139723611 2145.0 22.4943891779 21.8179039551 0.676485222786 2.29021578803 2.21199987282 0.0782159152056 0.101384618677 2175.0
4.85427135678 22.4951676396 22.0515281549 0.443639484709 2.29028161719 2.23738806154 0.0528935556578 0.101461814611 2077.0 22.4945183824 21.7946450575 0.699873324911 2.29021443519 2.2110596986 0.0791547365878 0.101449676871 2189.0
4.88442211055 22.4953223966 22.0434594337 0.451862962923 2.29028283887 2.23774068262 0.0525421562531 0.101514950017 2091.0 22.4946478275 21.7917682502 0.702879577236 2.29021310701 2.21193574768 0.0782773593385 0.101503270514 2183.0
4.91457286432 22.4954773527 22.0569776859 0.438499666789 2.29028407981 2.23922441502 0.0510596647903 0.101520001829 2081.0 22.494777543 21.7845806551 0.710196887912 2.2902118065 2.21132623742 0.0788855690764 0.101508781483 2131.0
4.94472361809 22.4956324897 22.0618526256 0.433779864077 2.2902853382 2.23880900916 0.0514763290377 0.10147874012 2183.0 22.4949075546 21.778080028 0.716827526548 2.29021053619 2.20977768153 0.0804328546584 0.101467975078 2129.0
4.97487437186 22.4957877887 22.0873123658 0.408475422854 2.29028661216 2.2390051987 0.051281413458 0.101370649431 2215.0 22.4950378826 21.8211132426 0.673924640065 2.2902092981 2.2117953415 0.0784139565928 0.101360334687 2145.0
5.00502512563 22.4959432307 22.0665241543 0.429419076484 2.29028789983 2.23874293616 0.051544963665 0.101454262598 2137.0 22.4951685444 21.7890151852 0.706153359252 2.2902080939 2.21037289695 0.0798351969584 0.101444369016 2097.0
5.0351758794 22.4960987971 22.05965613 0.436442667142 2.29028919933 2.23934268757 0.0509465117633 0.101513036938 2079.0 22.4952995561 21.8008135524 0.694486003714 2.2902069252 2.21286014288 0.0773467823201 0.101503558001 2119.0
5.06532663317 22.496254468 22.0368063452 0.45944812277 2.2902905087 2.23697806034 0.05331244836 0.101510991443 2061.0 22.4954309338 21.7723351092 0.723095824552 2.29020579356 2.20993383432 0.0802719592394 0.10150192082 2159.0
5.09547738693 22.4964102221 22.0594532558 0.436956966236 2.29029182583 2.23781999079 0.052471835036 0.101444943573 2059.0 22.4955626957 21.7834739048 0.712088790888 2.29020470079 2.20963459639 0.080570104396 0.101436281745 2173.0
5.1256281407 22.4965660322 22.0618520528 0.434713979369 2.29029314798 2.23617816665 0.0541149813225 0.101359494266 2257.0 22.4956948534 21.8012223675 0.694472485934 2.29020364801 2.20958069515 0.0806229528676 0.101351229665 2227.0
5.15577889447 22.4967218623 22.0627249755 0.433996886736 2.29029447154 2.2388944348 0.0514000367412 0.101478599642 2173.0 22.4958274155 21.7849868511 0.710840564426 2.29020263602 2.2105380936 0.0796645424206 0.101470710481 2071.0
5.18592964824 22.4968776816 22.047854555 0.449023126657 2.29029579342 2.23820748881 0.0520883046092 0.101515885967 2115.0 22.4959603867 21.7676280279 0.728332358757 2.29020166524 2.20959644016 0.0806052250751 0.101508370013 2013.0
5.21608040201 22.4970334589 22.0407018105 0.456331648416 2.29029711046 2.2372624933 0.0530346171691 0.101505955325 2081.0 22.4960937709 21.7598796935 0.736214077423 2.29020073598 2.2086017727 0.0815989632828 0.101498804397 2065.0
5.24623115578 22.4971891582 22.055614385 0.441574773272 2.29029841906 2.23746082685 0.0528375922084 0.101446316017 2127.0 22.4962275708 21.7609657684 0.735261802479 2.29019984847 2.20742217571 0.082777672756 0.101439531646 2223.0
5.27638190955 22.4973447409 22.0655334777 0.431811263281 2.29029971529 2.23740161889 0.0528980964012 0.101398029699 2105.0 22.4963617881 21.7699127083 0.726449079801 2.29019900279 2.20728624111 0.0829127616776 0.101391598152 2187.0
5.30653266332 22.4975001668 22.0405393424 0.456960824326 2.2903009951 2.23649161811 0.053809376987 0.101471728226 2053.0 22.4964964236 21.7621952543 0.734301169319 2.290198199 2.20811492841 0.0820832705938 0.101465633527 2045.0
5.33668341709 22.4976553973 22.0415047294 0.456150667918 2.29030225461 2.23753734466 0.0527649099494 0.101514727426 2039.0 22.4966314778 21.7408407034 0.755790774454 2.2901974371 2.20689027282 0.0833071642762 0.1015089666 2163.0
5.36683417085 22.4978103958 22.0550704482 0.442739947634 2.29030349009 2.23842903209 0.0518744579987 0.101492717394 2045.0 22.4967669505 21.7171554274 0.77961152306 2.29019671702 2.20401512386 0.0861815931598 0.101487284153 2197.0
5.39698492462 22.4979651241 22.0595748973 0.438390226828 2.29030469769 2.23705728153 0.0532474161575 0.101409809207 2093.0 22.4969028397 21.7518728677 0.745029971999 2.29019603854 2.20574228058 0.0844537579548 0.101404706344 2245.0
5.42713567839 22.4981195415 22.0571368887 0.440982652724 2.29030587326 2.23632188731 0.0539839859508 0.101387677766 2157.0 22.4970391416 21.7636324212 0.733406720419 2.29019540124 2.20645980461 0.0837355966319 0.101382883238 2267.0
5.45728643216 22.4982736061 22.0441070696 0.454166536537 2.29030701257 2.23727636668 0.0530306458917 0.101490904559 2187.0 22.4971758504 21.7522664533 0.744909397083 2.2901948045 2.20755954769 0.0826352568101 0.101486415332 2135.0
5.48743718593 22.4984272791 22.0245330505 0.473894228647 2.29030811168 2.23575409969 0.0545540119896 0.101511986409 2071.0 22.4973129585 21.7393539393 0.757959019177 2.29019424755 2.20671391218 0.0834803353709 0.101507796337 2061.0
5.5175879397 22.4985805266 22.0303434188 0.468237107871 2.29030916715 2.23582407037 0.0544850967811 0.101488389349 2125.0 22.4974504581 21.7402387063 0.757211751891 2.29019372961 2.20629710157 0.0838966280335 0.101484492943 2037.0
5.54773869347 22.4987333182 22.0600615765 0.438671741698 2.29031017589 2.23721774404 0.0530924318471 0.101414845842 2215.0 22.4975883417 21.7346862513 0.762902090396 2.29019324989 2.20414158776 0.0860516621287 0.101411244785 2213.0
5.57788944724 22.4988856234 22.0590934232 0.439792200155 2.2903111348 2.23719819102 0.0531129437784 0.101418410453 2219.0 22.4977266018 21.7429326727 0.754793929112 2.29019280767 2.20506139025 0.0851314174202 0.101415086154 2193.0
5.60804020101 22.4990374112 22.0417864511 0.45725096003 2.29031204075 2.23689020284 0.053421837903 0.101484070168 2153.0 22.4978652309 21.7099530884 0.787912142514 2.29019240218 2.2031481906 0.0870442115859 0.101481020324 2141.0
5.63819095477 22.4991886538 22.0227194901 0.476469163706 2.29031289091 2.23555917701 0.0547537139021 0.101511494891 2167.0 22.4980042206 21.7057065789 0.792297641696 2.29019203261 2.20331826832 0.086873764286 0.101508709717 2181.0
5.66834170854 22.4993393286 22.0430742523 0.456265076277 2.29031368299 2.23669142627 0.053622256722 0.10146912362 2199.0 22.4981435613 21.7414072621 0.75673629914 2.29019169798 2.20602680998 0.0841648879949 0.10146660625 2227.0
5.69849246231 22.4994894167 22.0556006654 0.443888751327 2.2903144151 2.23576542257 0.0545489925272 0.101369509563 2297.0 22.4982832418 21.7380195623 0.760263679475 2.29019139719 2.20352329534 0.0866681018574 0.101367251466 2151.0
5.72864321608 22.4996389023 22.0522348164 0.447404085825 2.29031508561 2.23645912671 0.0538559589001 0.101416438984 2219.0 22.4984232503 21.7400424673 0.758380783085 2.29019112909 2.20475412066 0.0854370084335 0.10141443486 2203.0
5.75879396985 22.4997877686 22.0377881092 0.461999659354 2.29031569287 2.23679418503 0.053521507838 0.101498125581 2147.0 22.4985635753 21.7125646503 0.785998925025 2.2901908925 2.20374633259 0.0864445599066 0.101496362502 2291.0
5.78894472362 22.4999359949 22.0245242979 0.475411696944 2.29031623475 2.23555600101 0.0547602337326 0.101503032291 2113.0 22.4987042058 21.6948494588 0.803854747033 2.29019068635 2.20205998829 0.0881306980577 0.101501510415 2151.0
5.81909547739 22.5000835552 22.0369688127 0.463114742472 2.29031670858 2.2360114727 0.0543052358867 0.101466380957 2203.0 22.498845132 21.7035885748 0.795256557277 2.29019050967 2.20215669671 0.088033812966 0.101465095927 2145.0
5.84924623116 22.5002304228 22.0527732055 0.447457217284 2.29031711165 2.23562647789 0.0546906337526 0.101376205934 2129.0 22.4989863458 21.7209411511 0.778045194668 2.29019036167 2.20196368665 0.088226675022 0.101375150889 2131.0
5.87939698492 22.5003765679 22.0419241847 0.458452383182 2.2903174409 2.23593334024 0.0543841006557 0.101440024996 2073.0 22.4991278396 21.6974534203 0.801674419234 2.29019024161 2.20097225308 0.0892179885235 0.101439197054 2127.0
5.90954773869 22.5005219465 22.0305939883 0.469927958277 2.29031769193 2.23591745745 0.0544002344821 0.101491474022 2077.0 22.4992695996 21.6888151882 0.810454411405 2.29019014817 2.2012166965 0.0889734516671 0.101490868791 2027.0
5.93969849246 22.5006663769 22.0433046395 0.457361737386 2.29031784671 2.23746848978 0.0528493569301 0.101503314787 2123.0 22.4994112872 21.6798948004 0.819516486861 2.29019004721 2.20057271986 0.0896173273538 0.101502924259 1999.0
5.96984924623 22.5007991613 22.0615862207 0.439212940553 2.29031682591 2.23790400125 0.0524128246629 0.10143894364 2537.0 22.4995424127 21.7114647211 0.788077691586 2.29018888133 2.20238428204 0.0878045992901 0.101438770269 2419.0
6.0 22.4992931855 22.32181316 0.177480025504 2.29015270364 2.26174499005 0.0284077135929 0.101324429778 876.0 22.4980382936 21.9327088308 0.565329462859 2.29002496522 2.22231921571 0.0677057495073 0.101324429775 876.0
